0.000000 0.000000 0.000000
10.000000 0.637000 0.376700
20.000000 0.860900 1.128900
30.000000 0.946900 2.005800
40.000000 0.966500 2.915800
50.000000 0.988600 3.829200
60.000000 0.992700 4.735600
70.000000 1.003900 5.626400
80.000000 1.012100 6.505000
90.000000 1.019100 7.360200
100.000000 1.011200 8.204400
110.000000 0.992900 9.044700
120.000000 0.995300 9.850600
130.000000 0.981600 10.612100
140.000000 0.987800 11.371800
150.000000 1.005800 12.138300
160.000000 1.010300 12.892300
170.000000 1.003200 13.643000
180.000000 1.018100 14.366600
190.000000 1.018700 15.125200
200.000000 0.997700 15.807700
210.000000 0.999600 16.478300
220.000000 0.987900 17.138700
230.000000 0.996200 17.784500
240.000000 0.990700 18.420100
250.000000 0.975800 19.026200
260.000000 0.981200 19.646700
270.000000 1.005700 20.242800
280.000000 1.018500 20.852900
290.000000 1.009300 21.462000
300.000000 1.015800 22.039300
310.000000 1.013200 22.619900
320.000000 1.004600 23.157500
330.000000 1.002800 23.681700
340.000000 1.011100 24.223800
350.000000 1.009200 24.740800
360.000000 1.018400 25.259800
370.000000 1.014000 25.766200
380.000000 1.010400 26.262100
390.000000 0.996900 26.725300
400.000000 1.000100 27.202000
410.000000 0.996800 27.646200
420.000000 0.990000 28.076100
430.000000 0.988900 28.506000
440.000000 0.997100 28.916100
450.000000 0.983100 29.336100
460.000000 0.997700 29.742000
470.000000 0.991400 30.138400
480.000000 1.003300 30.537500
490.000000 0.998400 30.908400
500.000000 1.010700 31.288600
510.000000 1.001400 31.664200
520.000000 1.005400 32.049700
530.000000 0.990600 32.404700
540.000000 0.994700 32.745300
550.000000 1.003900 33.080000
560.000000 0.988500 33.409400
570.000000 0.982300 33.735100
580.000000 0.985000 34.054800
590.000000 0.985000 34.324800
600.000000 1.008700 34.614600
610.000000 1.001200 34.927300
620.000000 1.009200 35.261900
630.000000 1.002800 35.558400
640.000000 1.002400 35.844200
650.000000 1.018900 36.127300
660.000000 1.019500 36.425000
670.000000 1.020700 36.704900
680.000000 1.013500 36.977400
690.000000 1.001200 37.250200
700.000000 1.010700 37.525200
710.000000 1.008700 37.798500
720.000000 1.011400 38.071000
730.000000 1.023900 38.339600
740.000000 1.006600 38.586600
750.000000 1.001000 38.794300
760.000000 1.005200 39.029400
770.000000 0.984300 39.237000
780.000000 0.996500 39.395700
790.000000 1.005200 39.584100
800.000000 0.994500 39.799500
810.000000 1.010000 39.995700
820.000000 1.006800 40.179400
830.000000 0.986600 40.347200
840.000000 1.019800 40.529700
850.000000 0.998900 40.740400
860.000000 1.002400 40.936000
870.000000 1.008500 41.126900
880.000000 0.992200 41.314500
890.000000 0.988000 41.470900
900.000000 0.991600 41.623800
910.000000 0.989000 41.772300
920.000000 1.001000 41.931700
930.000000 0.998500 42.095000
940.000000 0.990800 42.241000
950.000000 1.013100 42.385300
960.000000 1.006600 42.544900
970.000000 1.013000 42.716300
980.000000 1.013100 42.881000
990.000000 1.007800 43.044900
1000.000000 1.008700 43.178600
1010.000000 1.002500 43.314100
1020.000000 1.002700 43.462200
1030.000000 1.004600 43.574800
1040.000000 1.010800 43.668000
1050.000000 1.000500 43.815700
1060.000000 0.995200 43.933800
1070.000000 0.998500 44.041400
1080.000000 0.988300 44.173400
1090.000000 0.997600 44.287700
1100.000000 0.988800 44.367400
1110.000000 0.993600 44.484000
1120.000000 0.991300 44.551100
1130.000000 0.999600 44.669200
1140.000000 1.005400 44.801600
1150.000000 0.998800 44.889800
1160.000000 1.003000 44.988600
1170.000000 0.998900 45.096900
1180.000000 1.008800 45.176900
1190.000000 1.002400 45.275800
1200.000000 1.004600 45.374600
1210.000000 0.991000 45.487600
1220.000000 0.986200 45.586100
1230.000000 0.998400 45.680600
1240.000000 0.981900 45.759700
1250.000000 0.997500 45.839500
1260.000000 1.002800 45.923700
1270.000000 1.005000 45.999000
1280.000000 1.000600 46.081500
1290.000000 1.012700 46.160000
1300.000000 0.998900 46.233300
1310.000000 0.995400 46.315900
1320.000000 0.994200 46.404500
1330.000000 0.984400 46.450900
1340.000000 0.996100 46.526600
1350.000000 1.008100 46.588400
1360.000000 1.024300 46.622100
1370.000000 1.006300 46.727400
1380.000000 0.987300 46.782800
1390.000000 1.002400 46.859500
1400.000000 0.984900 46.938000
1410.000000 0.993500 46.960500
1420.000000 0.977800 46.969200
1430.000000 0.983800 47.022700
1440.000000 0.993700 47.072800
1450.000000 1.015800 47.133900
1460.000000 1.017100 47.226700
1470.000000 1.001300 47.292600
1480.000000 0.995800 47.342100
1490.000000 1.014200 47.377800
1500.000000 1.010700 47.417500
1510.000000 1.000400 47.466000
1520.000000 0.998600 47.506500
1530.000000 0.999200 47.542800
1540.000000 1.002800 47.589800
1550.000000 1.006900 47.634100
1560.000000 0.998900 47.694800
1570.000000 0.988700 47.747400
1580.000000 1.006100 47.802600
1590.000000 0.996400 47.844800
1600.000000 1.022600 47.904800
1610.000000 1.018300 47.947900
1620.000000 1.003600 48.004700
1630.000000 1.010400 48.068100
1640.000000 0.997000 48.120900
1650.000000 0.992900 48.151800
1660.000000 0.985900 48.180600
1670.000000 0.985900 48.212200
1680.000000 0.994700 48.234200
1690.000000 0.993800 48.261600
1700.000000 0.988600 48.291100
1710.000000 1.005700 48.312500
1720.000000 0.996600 48.328500
1730.000000 0.994400 48.358000
1740.000000 0.995600 48.369500
1750.000000 0.995700 48.390900
1760.000000 1.010000 48.425000
1770.000000 1.007000 48.471400
1780.000000 0.991200 48.523400
1790.000000 0.994900 48.552500
1800.000000 1.017400 48.566200
1810.000000 1.019700 48.603500
1820.000000 0.995100 48.619700
1830.000000 1.006300 48.663200
1840.000000 1.008100 48.705300
1850.000000 1.001300 48.742100
1860.000000 1.013600 48.770000
1870.000000 0.987600 48.796100
1880.000000 0.997400 48.806900
1890.000000 0.980500 48.812500
1900.000000 1.002300 48.831200
1910.000000 0.981300 48.841500
1920.000000 0.991900 48.854900
1930.000000 1.001200 48.874200
1940.000000 1.007200 48.895800
1950.000000 0.988700 48.943700
1960.000000 0.996200 48.938700
1970.000000 1.007100 48.974300
1980.000000 1.011600 49.004200
1990.000000 1.010100 49.047700
2000.000000 0.998300 49.063500
2010.000000 1.007000 49.093600
2020.000000 1.010400 49.133300
2030.000000 1.000600 49.155000
2040.000000 1.013100 49.182300
2050.000000 1.017300 49.216400
2060.000000 1.007900 49.239400
2070.000000 1.022300 49.253300
2080.000000 1.016900 49.279800
2090.000000 1.014700 49.310400
2100.000000 1.009400 49.330500
2110.000000 1.018200 49.353700
2120.000000 1.009800 49.392500
2130.000000 1.017600 49.425100
2140.000000 1.004500 49.467200
2150.000000 0.969400 49.450000
2160.000000 0.991900 49.419600
2170.000000 0.999200 49.434300
2180.000000 0.988800 49.469200
2190.000000 0.996800 49.488900
2200.000000 0.993200 49.491800
2210.000000 0.990500 49.497000
2220.000000 1.002200 49.508800
2230.000000 1.012400 49.528900
2240.000000 1.008600 49.552400
2250.000000 1.005500 49.555700
2260.000000 0.992200 49.560500
2270.000000 0.998300 49.555900
2280.000000 0.982100 49.575700
2290.000000 0.989700 49.580100
2300.000000 0.981100 49.572500
2310.000000 0.995900 49.578700
2320.000000 1.009100 49.592900
2330.000000 0.987300 49.609700
2340.000000 1.000100 49.593300
2350.000000 0.992100 49.592500
2360.000000 0.989500 49.605000
2370.000000 0.999000 49.618200
2380.000000 0.998200 49.646600
2390.000000 0.985900 49.660500
2400.000000 1.007200 49.644300
2410.000000 0.988700 49.626900
2420.000000 0.996100 49.633900
2430.000000 1.008000 49.657100
2440.000000 1.011900 49.658500
2450.000000 1.019200 49.672400
2460.000000 1.001300 49.674200
2470.000000 0.990600 49.663000
2480.000000 1.011600 49.684500
2490.000000 1.013700 49.719200
2500.000000 1.017100 49.741700
2510.000000 1.006700 49.762600
2520.000000 1.014400 49.762700
2530.000000 1.002900 49.786000
2540.000000 0.999700 49.802800
2550.000000 0.999700 49.821200
2560.000000 0.997500 49.825700
2570.000000 0.990300 49.820000
2580.000000 0.999000 49.807100
2590.000000 1.005600 49.791100
2600.000000 0.998100 49.813500
2610.000000 1.003600 49.825500
2620.000000 1.004200 49.825400
2630.000000 0.999800 49.851200
2640.000000 1.001300 49.858000
2650.000000 0.995000 49.874200
2660.000000 1.008900 49.868000
2670.000000 0.991500 49.871400
2680.000000 0.992600 49.868300
2690.000000 0.996800 49.867800
2700.000000 1.000000 49.892100
2710.000000 1.007500 49.898500
2720.000000 1.007400 49.922700
2730.000000 1.018800 49.913400
2740.000000 0.992200 49.920200
2750.000000 1.003100 49.911000
2760.000000 0.997600 49.931700
2770.000000 1.007000 49.910600
2780.000000 1.003100 49.923100
2790.000000 1.007100 49.905600
2800.000000 1.010100 49.892500
2810.000000 0.978400 49.920000
2820.000000 0.980100 49.902400
2830.000000 0.996100 49.890800
2840.000000 0.982800 49.880100
2850.000000 0.997800 49.874400
2860.000000 0.996900 49.868700
2870.000000 0.988600 49.860600
2880.000000 1.000200 49.862400
2890.000000 1.000500 49.883600
2900.000000 0.982400 49.853500
2910.000000 0.983300 49.842200
2920.000000 0.971300 49.828500
2930.000000 0.985900 49.805100
2940.000000 0.987300 49.812700
2950.000000 1.006100 49.830100
2960.000000 1.004100 49.848600
2970.000000 0.999600 49.879500
2980.000000 0.995900 49.876200
2990.000000 0.999200 49.852600
3000.000000 1.001400 49.837700
3010.000000 1.005300 49.875200
3020.000000 0.990200 49.850800
3030.000000 0.990400 49.829100
3040.000000 1.012200 49.851600
3050.000000 1.001400 49.876100
3060.000000 0.995400 49.871700
3070.000000 0.994100 49.880500
3080.000000 0.998000 49.871600
3090.000000 0.992900 49.880900
3100.000000 1.000300 49.883900
3110.000000 0.993200 49.889100
3120.000000 0.991700 49.910800
3130.000000 0.984000 49.881800
3140.000000 0.985800 49.867200
3150.000000 0.997200 49.875700
3160.000000 1.011000 49.866100
3170.000000 1.010000 49.858200
3180.000000 0.993100 49.863000
3190.000000 1.003800 49.865200
3200.000000 1.001200 49.869200
3210.000000 1.004500 49.860600
3220.000000 1.010900 49.846300
3230.000000 0.997100 49.886500
3240.000000 1.003500 49.872800
3250.000000 0.991100 49.892900
3260.000000 0.987800 49.892400
3270.000000 0.996600 49.869600
3280.000000 1.001000 49.866200
3290.000000 1.008000 49.874500
3300.000000 1.016900 49.872300
3310.000000 0.992400 49.911200
3320.000000 1.002800 49.914100
3330.000000 1.006900 49.900500
3340.000000 1.005700 49.901500
3350.000000 1.009800 49.921300
3360.000000 1.017900 49.924900
3370.000000 1.000500 49.909800
3380.000000 1.001100 49.920400
3390.000000 0.982800 49.932300
3400.000000 0.996100 49.942400
3410.000000 1.006600 49.936800
3420.000000 0.996200 49.934400
3430.000000 0.994000 49.976700
3440.000000 0.996400 49.968300
3450.000000 1.011300 49.962000
3460.000000 1.010200 49.963800
3470.000000 1.000600 49.979000
3480.000000 1.001700 49.980000
3490.000000 0.988600 49.995000
3500.000000 0.993400 50.004300
3510.000000 0.992900 50.007000
3520.000000 0.988300 50.002400
3530.000000 1.004800 49.982700
3540.000000 0.986600 49.981000
3550.000000 0.981300 49.977900
3560.000000 0.993200 49.952500
3570.000000 1.000600 49.959800
3580.000000 0.988600 49.929700
3590.000000 0.986300 49.896400
3600.000000 0.998100 49.884000


0.000000 0.000000 0.000000
10.000000 26.574900 41.418900
20.000000 31.305000 38.441000
30.000000 32.930900 35.993700
40.000000 33.618300 34.827200
50.000000 33.726800 34.416200
60.000000 33.834200 34.448600
70.000000 33.794800 33.931600
80.000000 33.620900 33.907300
90.000000 34.080800 34.089600
100.000000 34.125500 34.235200
110.000000 34.001500 33.959700
120.000000 34.015600 34.004800
130.000000 34.192800 33.937300
140.000000 34.108200 33.956400
150.000000 33.896200 34.296200
160.000000 33.744200 33.775800
170.000000 33.887800 34.092200
180.000000 34.000400 33.918900
190.000000 34.164300 34.195100
200.000000 34.099100 33.772100
210.000000 33.961200 33.890600
220.000000 33.889500 34.187300
230.000000 34.366300 33.894000
240.000000 34.115500 33.966700
250.000000 34.166600 33.974200
260.000000 33.945900 33.965200
270.000000 34.051500 33.998800
280.000000 34.078900 33.896500
290.000000 33.988800 33.944200
300.000000 33.898500 34.132600
310.000000 33.829800 34.341800
320.000000 34.077400 34.258700
330.000000 34.036900 33.986700
340.000000 34.050100 33.954800
350.000000 33.681300 33.751300
360.000000 34.017300 34.055700
370.000000 33.855300 34.105100
380.000000 33.803500 34.248400
390.000000 33.823300 33.769500
400.000000 34.032500 34.110600
410.000000 34.039600 33.861400
420.000000 34.094100 33.841800
430.000000 34.008100 33.827200
440.000000 34.104700 34.140500
450.000000 34.075400 34.101400
460.000000 33.894100 34.181400
470.000000 34.172700 33.923500
480.000000 34.110900 34.141800
490.000000 34.164000 34.225600
500.000000 33.921100 34.061800
510.000000 34.159800 33.825000
520.000000 33.846100 34.133000
530.000000 33.804600 34.075100
540.000000 34.186000 34.132000
550.000000 34.113600 33.768300
560.000000 34.006600 33.979000
570.000000 33.851400 33.768400
580.000000 34.068200 33.971700
590.000000 33.969900 33.628100
600.000000 33.891300 34.116100
610.000000 34.056500 34.110200
620.000000 33.922300 34.075100
630.000000 34.199600 34.257600
640.000000 33.879400 34.138600
650.000000 34.254700 33.925400
660.000000 33.864500 34.053600
670.000000 34.167700 34.022300
680.000000 34.240700 34.061200
690.000000 33.974800 34.200100
700.000000 33.996500 34.242000
710.000000 33.898900 33.932400
720.000000 34.155500 33.836700
730.000000 33.966000 33.852200
740.000000 34.393000 34.121700
750.000000 33.953800 34.120000
760.000000 34.066100 34.195200
770.000000 33.904400 34.040200
780.000000 34.076200 34.293100
790.000000 34.008200 33.951200
800.000000 34.025200 34.067900
810.000000 34.211600 34.049900
820.000000 34.052000 34.047800
830.000000 33.750000 34.029600
840.000000 34.104900 33.967300
850.000000 33.740400 33.961800
860.000000 33.800600 33.708200
870.000000 33.928700 33.950300
880.000000 34.203600 33.996400
890.000000 33.811000 33.850500
900.000000 34.422300 34.109200
910.000000 34.045200 34.006800
920.000000 34.008100 33.979800
930.000000 34.153900 34.139600
940.000000 34.288000 33.896600
950.000000 34.215900 34.174100
960.000000 33.936600 33.962300
970.000000 33.744600 34.057500
980.000000 34.113900 34.048100
990.000000 34.104300 33.915300
1000.000000 33.984800 34.089000
1010.000000 33.879600 34.181400
1020.000000 34.085800 34.100000
1030.000000 34.011000 33.856500
1040.000000 34.014300 33.964600
1050.000000 33.931200 33.977100
1060.000000 33.877200 33.904700
1070.000000 34.023400 33.871900
1080.000000 34.343100 33.974700
1090.000000 33.963900 33.821400
1100.000000 34.043800 34.181800
1110.000000 34.066100 33.935300
1120.000000 34.092100 34.222200
1130.000000 33.830100 33.962400
1140.000000 34.013000 34.077400
1150.000000 33.774100 33.966800
1160.000000 33.913200 34.010700
1170.000000 34.182000 34.091700
1180.000000 34.001800 34.036600
1190.000000 34.194300 34.285600
1200.000000 34.172500 34.011900
1210.000000 34.074700 34.080900
1220.000000 34.005500 33.793100
1230.000000 33.975900 34.090700
1240.000000 34.277400 34.094200
1250.000000 34.147100 34.181100
1260.000000 33.891500 34.148400
1270.000000 34.060800 33.836600
1280.000000 34.147700 34.025200
1290.000000 33.902700 33.891600
1300.000000 34.151200 33.914000
1310.000000 34.180300 34.082200
1320.000000 33.981000 33.848700
1330.000000 33.825700 33.921600
1340.000000 34.003900 34.086400
1350.000000 34.064900 33.977300
1360.000000 33.995300 33.827900
1370.000000 33.826500 33.939400
1380.000000 33.943200 33.810100
1390.000000 34.071100 33.850100
1400.000000 34.062100 34.370200
1410.000000 34.215200 34.059300
1420.000000 33.893500 33.924400
1430.000000 33.945100 34.174700
1440.000000 33.757000 34.206300
1450.000000 34.019000 33.997700
1460.000000 33.996900 33.777400
1470.000000 34.038200 33.964400
1480.000000 33.985800 34.062300
1490.000000 34.049900 34.016000
1500.000000 34.212900 34.192300
1510.000000 33.995200 33.734500
1520.000000 33.991600 33.876100
1530.000000 33.944300 33.965200
1540.000000 34.119700 33.857000
1550.000000 34.060000 34.251500
1560.000000 33.981100 33.886600
1570.000000 34.064600 34.078100
1580.000000 34.060500 33.872100
1590.000000 33.968400 34.129200
1600.000000 34.050100 34.091300
1610.000000 33.956000 33.955000
1620.000000 33.923000 33.998800
1630.000000 33.970000 33.953200
1640.000000 33.951600 34.069100
1650.000000 34.041300 33.856600
1660.000000 33.891800 34.216000
1670.000000 33.923400 34.138900
1680.000000 34.086500 33.973200
1690.000000 34.054800 33.792600
1700.000000 34.067300 33.776600
1710.000000 33.999700 33.994100
1720.000000 33.859500 33.863600
1730.000000 34.087100 34.038600
1740.000000 34.023100 34.012000
1750.000000 34.123300 33.835200
1760.000000 33.891700 33.659000
1770.000000 34.021100 33.952800
1780.000000 34.099700 33.990800
1790.000000 34.137400 34.251000
1800.000000 34.005400 34.013000
1810.000000 33.863300 34.063300
1820.000000 33.962400 34.080600
1830.000000 33.879700 34.075900
1840.000000 34.028500 33.845700
1850.000000 34.051600 33.990000
1860.000000 34.142800 34.143800
1870.000000 33.906000 33.964800
1880.000000 33.863000 34.120600
1890.000000 33.998100 34.168900
1900.000000 34.163400 34.094900
1910.000000 33.859500 33.745800
1920.000000 33.957000 33.900000
1930.000000 34.103900 33.787100
1940.000000 33.838200 33.993600
1950.000000 33.722800 34.094800
1960.000000 33.941400 33.956000
1970.000000 33.958700 34.060300
1980.000000 33.990700 34.225800
1990.000000 34.193300 33.850400
2000.000000 33.919400 33.889400
2010.000000 34.065100 33.937400
2020.000000 33.868500 34.007300
2030.000000 33.928900 34.162100
2040.000000 33.906200 34.085900
2050.000000 33.894800 34.448200
2060.000000 34.179300 33.828900
2070.000000 34.131400 33.967600
2080.000000 33.952400 34.102400
2090.000000 34.032200 34.270000
2100.000000 33.777600 33.980200
2110.000000 34.071000 34.092400
2120.000000 34.107200 33.916200
2130.000000 33.871700 34.059600
2140.000000 33.816300 34.130800
2150.000000 33.940800 33.907600
2160.000000 34.038600 34.112200
2170.000000 33.840400 34.187000
2180.000000 33.909800 33.875000
2190.000000 33.824800 33.913900
2200.000000 34.038100 34.148900
2210.000000 33.911200 34.178500
2220.000000 33.906200 33.904500
2230.000000 34.212200 33.912800
2240.000000 34.141200 34.213100
2250.000000 34.083900 34.031600
2260.000000 33.786600 34.014400
2270.000000 33.868900 34.146800
2280.000000 33.704900 34.120900
2290.000000 34.183900 33.991100
2300.000000 34.058000 33.947200
2310.000000 33.819200 34.028800
2320.000000 33.996500 33.751900
2330.000000 34.040900 34.280700
2340.000000 33.926400 34.149500
2350.000000 34.043100 34.101600
2360.000000 33.988000 34.052300
2370.000000 34.075700 33.812200
2380.000000 33.926100 33.978200
2390.000000 33.886400 34.065300
2400.000000 33.867600 33.967400
2410.000000 34.054400 33.876200
2420.000000 34.022000 33.772300
2430.000000 34.059600 33.994700
2440.000000 33.949400 33.956100
2450.000000 34.174400 34.117500
2460.000000 33.930800 34.070200
2470.000000 33.988500 33.901100
2480.000000 34.269900 33.825700
2490.000000 34.026200 34.127600
2500.000000 33.945000 34.050000
2510.000000 34.022400 34.122800
2520.000000 34.031000 34.030400
2530.000000 34.034300 34.055600
2540.000000 33.812500 33.889600
2550.000000 34.070500 33.966000
2560.000000 34.188500 33.854500
2570.000000 33.940300 33.835700
2580.000000 33.943900 33.919700
2590.000000 33.968700 33.981300
2600.000000 34.175900 34.063300
2610.000000 34.066400 33.769800
2620.000000 34.058000 33.765500
2630.000000 34.024600 34.306400
2640.000000 34.045500 34.045400
2650.000000 33.922700 33.926000
2660.000000 34.183400 33.884400
2670.000000 33.848000 33.876600
2680.000000 33.870800 33.963200
2690.000000 34.108000 33.997200
2700.000000 34.043900 34.022400
2710.000000 33.879500 33.925100
2720.000000 33.977600 34.054400
2730.000000 34.024900 33.956900
2740.000000 33.664300 34.043900
2750.000000 34.004400 34.148600
2760.000000 34.151700 34.176300
2770.000000 34.046200 33.854800
2780.000000 33.983400 33.912800
2790.000000 34.088500 33.850100
2800.000000 34.027600 33.959400
2810.000000 34.034000 33.871500
2820.000000 33.905900 34.244300
2830.000000 33.944500 34.181700
2840.000000 33.933200 33.955100
2850.000000 33.668600 34.156000
2860.000000 34.276700 34.012200
2870.000000 33.947300 33.928700
2880.000000 33.967000 34.013300
2890.000000 33.876300 33.979600
2900.000000 33.876800 34.096800
2910.000000 34.069800 33.910300
2920.000000 34.188800 33.978500
2930.000000 33.941500 33.727800
2940.000000 34.067800 33.900200
2950.000000 34.250200 34.052500
2960.000000 34.118500 34.106300
2970.000000 33.969700 33.800200
2980.000000 33.725200 33.711800
2990.000000 34.085500 33.709100
3000.000000 34.216500 33.994500
3010.000000 34.122500 34.033100
3020.000000 33.798800 33.872600
3030.000000 33.610200 34.027400
3040.000000 33.958400 33.877300
3050.000000 33.926900 34.195500
3060.000000 33.992800 33.796900
3070.000000 33.933200 33.896700
3080.000000 33.933400 34.234900
3090.000000 33.802100 33.996000
3100.000000 34.089800 34.288600
3110.000000 34.203700 33.923900
3120.000000 33.980600 33.913300
3130.000000 34.019900 34.133700
3140.000000 33.924600 33.944100
3150.000000 34.103600 34.123400
3160.000000 34.074500 33.864100
3170.000000 34.061300 33.833000
3180.000000 34.038600 33.974600
3190.000000 33.863800 34.158600
3200.000000 34.230400 33.995500
3210.000000 33.923300 33.877700
3220.000000 34.108200 33.981500
3230.000000 33.869600 33.965500
3240.000000 33.948800 34.261200
3250.000000 34.121600 33.790300
3260.000000 33.991100 33.816800
3270.000000 34.123200 34.155800
3280.000000 33.843900 33.895700
3290.000000 34.199800 34.229700
3300.000000 33.887800 33.773600
3310.000000 33.912000 34.041900
3320.000000 34.053700 34.018600
3330.000000 34.050500 34.297500
3340.000000 34.102600 34.149800
3350.000000 33.811600 33.857200
3360.000000 33.995700 33.881000
3370.000000 34.241200 34.023700
3380.000000 34.075000 34.003400
3390.000000 34.035200 34.030900
3400.000000 33.994700 34.145100
3410.000000 33.974500 34.071400
3420.000000 34.111400 34.052200
3430.000000 33.898600 34.269200
3440.000000 34.123000 34.066000
3450.000000 34.000000 33.983200
3460.000000 34.002500 34.105000
3470.000000 34.187500 34.131400
3480.000000 33.996400 34.027200
3490.000000 34.073900 33.970500
3500.000000 33.953000 34.154500
3510.000000 33.982400 34.126100
3520.000000 34.233200 34.163500
3530.000000 33.989500 34.008000
3540.000000 33.961600 33.999000
3550.000000 33.995400 34.054200
3560.000000 33.973400 33.947100
3570.000000 34.001600 34.073600
3580.000000 33.898400 34.204900
3590.000000 33.971600 34.078400
3600.000000 33.855400 34.054800
