0.000000 0.000000 0.000000
10.000000 0.788464 0.767273
20.000000 0.937212 1.477966
30.000000 0.979586 2.084236
40.000000 0.994817 2.617369
50.000000 1.004456 3.079383
60.000000 1.005693 3.509181
70.000000 1.002418 3.869630
80.000000 1.003975 4.171803
90.000000 0.999512 4.413596
100.000000 0.997491 4.689141
110.000000 1.005409 4.903292
120.000000 0.993382 5.133189
130.000000 0.992171 5.341891
140.000000 0.994237 5.534184
150.000000 0.991938 5.692963
160.000000 0.992341 5.853884
170.000000 1.003324 5.998188
180.000000 0.994191 6.131031
190.000000 1.007889 6.269283
200.000000 1.009362 6.410413
210.000000 1.009190 6.529723
220.000000 1.009944 6.680527
230.000000 1.008386 6.800396
240.000000 1.016714 6.901240
250.000000 1.006789 6.972564
260.000000 1.013029 7.050639
270.000000 1.000919 7.140536
280.000000 1.011651 7.226132
290.000000 1.006178 7.316516
300.000000 0.999582 7.394415
310.000000 1.000961 7.460574
320.000000 0.992769 7.534174
330.000000 0.989001 7.600676
340.000000 0.999624 7.673331
350.000000 1.001699 7.742157
360.000000 1.006883 7.815496
370.000000 0.995544 7.879291
380.000000 0.999875 7.948319
390.000000 1.000800 8.021174
400.000000 1.005513 8.061827
410.000000 0.999513 8.106324
420.000000 1.014278 8.147344
430.000000 0.993348 8.177359
440.000000 0.992789 8.231687
450.000000 0.998797 8.264320
460.000000 1.011216 8.315882
470.000000 1.000256 8.364658
480.000000 0.993365 8.426525
490.000000 1.002270 8.474774
500.000000 0.988412 8.539633
510.000000 0.990495 8.562806
520.000000 0.992137 8.609050
530.000000 1.007106 8.618699
540.000000 1.001238 8.615699
550.000000 1.002971 8.656694
560.000000 0.995489 8.679073
570.000000 0.989040 8.731616
580.000000 0.995484 8.755940
590.000000 0.985480 8.777213
600.000000 0.990869 8.810237
610.000000 0.990680 8.819523
620.000000 0.992089 8.864014
630.000000 1.006109 8.918992
640.000000 1.011475 8.912770
650.000000 1.005039 8.929106
660.000000 0.999025 8.938626
670.000000 1.002628 8.953823
680.000000 0.989367 8.961273
690.000000 1.007410 8.969919
700.000000 1.001861 8.992821
710.000000 0.995829 8.996833
720.000000 0.995880 9.017392
730.000000 1.001319 9.007551
740.000000 1.004737 9.052419
750.000000 1.004323 9.053872
760.000000 0.992776 9.064359
770.000000 0.992745 9.080972
780.000000 0.991919 9.084681
790.000000 0.996079 9.102094
800.000000 1.006297 9.108325
810.000000 1.001873 9.126718
820.000000 0.984730 9.159672
830.000000 1.000107 9.167908
840.000000 0.989643 9.202296
850.000000 0.987121 9.257051
860.000000 1.002765 9.293497
870.000000 0.993450 9.324195
880.000000 1.000503 9.347801
890.000000 0.993758 9.347581
900.000000 0.992545 9.359806
910.000000 0.993142 9.366874
920.000000 0.992794 9.368794
930.000000 1.001889 9.360945
940.000000 0.996345 9.374478
950.000000 1.009668 9.372277
960.000000 0.992282 9.361700
970.000000 0.996183 9.374309
980.000000 1.023201 9.388470
990.000000 1.010679 9.406729
1000.000000 1.004913 9.416697
1010.000000 1.006329 9.440885
1020.000000 1.013285 9.454381
1030.000000 0.995237 9.499503
1040.000000 0.999286 9.501109
1050.000000 0.999685 9.513088
1060.000000 0.989670 9.530405
1070.000000 1.000422 9.558725
1080.000000 1.007189 9.567860
1090.000000 0.999719 9.581411
1100.000000 0.994349 9.569824
1110.000000 0.990901 9.583626
1120.000000 0.999361 9.594104
1130.000000 1.006801 9.582888
1140.000000 1.005226 9.598806
1150.000000 0.991266 9.615309
1160.000000 0.991229 9.600928
1170.000000 1.000471 9.620418
1180.000000 1.004107 9.629835
1190.000000 0.987680 9.610780
1200.000000 0.976696 9.620185
1210.000000 0.999457 9.617679
1220.000000 0.997040 9.590360
1230.000000 0.999946 9.597196
1240.000000 0.999897 9.620528
1250.000000 0.992151 9.639290
1260.000000 1.004587 9.642440
1270.000000 0.985670 9.613484
1280.000000 0.987199 9.646578
1290.000000 0.988899 9.645558
1300.000000 1.005228 9.639219
1310.000000 0.994697 9.677534
1320.000000 0.999042 9.691254
1330.000000 1.000950 9.708103
1340.000000 0.998622 9.710314
1350.000000 1.005585 9.713982
1360.000000 1.003072 9.708463
1370.000000 0.998238 9.690125
1380.000000 1.012440 9.698308
1390.000000 1.003444 9.673877
1400.000000 1.007770 9.665106
1410.000000 1.011147 9.689831
1420.000000 1.011902 9.674644
1430.000000 1.003557 9.656343
1440.000000 1.004017 9.635626
1450.000000 0.998927 9.637151
1460.000000 1.001233 9.627869
1470.000000 0.993453 9.658727
1480.000000 1.002246 9.671579
1490.000000 1.008010 9.705828
1500.000000 0.999401 9.731983
1510.000000 0.999882 9.755357
1520.000000 1.014874 9.774934
1530.000000 1.000792 9.737504
1540.000000 1.011507 9.737376
1550.000000 0.996297 9.720991
1560.000000 1.011110 9.724670
1570.000000 0.994069 9.743412
1580.000000 1.003815 9.717553
1590.000000 0.999241 9.736441
1600.000000 1.006087 9.706230
1610.000000 1.004832 9.691653
1620.000000 1.020496 9.684569
1630.000000 1.003536 9.732719
1640.000000 0.990644 9.765835
1650.000000 0.996893 9.783104
1660.000000 1.004852 9.780371
1670.000000 1.015361 9.786181
1680.000000 1.002287 9.793465
1690.000000 0.992944 9.772016
1700.000000 0.998061 9.778169
1710.000000 0.999314 9.803535
1720.000000 1.004471 9.827406
1730.000000 0.997119 9.849712
1740.000000 0.993406 9.856919
1750.000000 1.002620 9.851972
1760.000000 1.013751 9.886717
1770.000000 1.003202 9.888809
1780.000000 1.001046 9.908961
1790.000000 0.995900 9.921584
1800.000000 0.996074 9.924191
1810.000000 0.997402 9.934193
1820.000000 1.000074 9.944084
1830.000000 1.012773 9.935140
1840.000000 1.011410 9.921450
1850.000000 1.006978 9.906565
1860.000000 1.010171 9.932394
1870.000000 1.003259 9.922316
1880.000000 1.012013 9.945271
1890.000000 1.009635 9.943797
1900.000000 0.994329 9.966711
1910.000000 0.991012 9.981980
1920.000000 0.988156 9.989101
1930.000000 1.008775 10.026454
1940.000000 0.994356 10.013648
1950.000000 0.991605 10.034683
1960.000000 1.006504 10.051534
1970.000000 0.988489 10.057905
1980.000000 0.996859 10.071277
1990.000000 0.995210 10.049089
2000.000000 0.998979 10.054476
2010.000000 1.000371 10.038570
2020.000000 0.998152 10.025211
2030.000000 1.000476 9.986156
2040.000000 0.994132 9.981908
2050.000000 0.982941 9.965953
2060.000000 0.999384 9.989295
2070.000000 0.991915 9.970880
2080.000000 0.997232 9.953827
2090.000000 0.986428 9.967553
2100.000000 0.995106 9.944641
2110.000000 0.997916 9.942298
2120.000000 0.985077 9.943329
2130.000000 1.001150 9.965831
2140.000000 1.000764 9.961019
2150.000000 0.997004 9.958248
2160.000000 1.011456 9.971782
2170.000000 1.010092 9.972670
2180.000000 1.002679 9.998717
2190.000000 0.998205 10.032944
2200.000000 1.015089 10.033004
2210.000000 1.005742 10.038345
2220.000000 1.004784 10.029334
2230.000000 1.003269 10.024635
2240.000000 0.988754 10.013912
2250.000000 0.995695 10.030299
2260.000000 0.999758 10.040646
2270.000000 1.006784 10.029598
2280.000000 1.007240 10.027753
2290.000000 1.000361 10.038823
2300.000000 0.993159 10.030133
2310.000000 0.998306 10.019957
2320.000000 1.001528 10.030357
2330.000000 1.007406 10.059257
2340.000000 0.994578 10.063165
2350.000000 0.993119 10.029311
2360.000000 1.001274 10.004676
2370.000000 1.011209 10.026214
2380.000000 1.000839 10.028637
2390.000000 1.009551 10.033743
2400.000000 0.999456 10.042692
2410.000000 0.998629 10.048152
2420.000000 0.988409 10.043315
2430.000000 1.004280 10.055311
2440.000000 1.013866 10.068147
2450.000000 1.006502 10.050818
2460.000000 0.996780 10.062586
2470.000000 1.003368 10.050003
2480.000000 1.010048 10.018474
2490.000000 1.007018 10.016920
2500.000000 0.991101 10.010583
2510.000000 0.995491 10.020263
2520.000000 1.002646 10.031570
2530.000000 1.009741 10.055801
2540.000000 0.998089 10.079794
2550.000000 1.002576 10.073784
2560.000000 1.004838 10.062434
2570.000000 1.008696 10.027385
2580.000000 0.998111 10.014091
2590.000000 0.999486 10.000252
2600.000000 0.991817 9.986399
2610.000000 0.986875 10.001808
2620.000000 0.991618 9.987261
2630.000000 0.989508 9.980978
2640.000000 0.998334 9.993868
2650.000000 0.997560 9.998482
2660.000000 1.002611 9.980719
2670.000000 1.013455 9.980050
2680.000000 0.994441 9.978469
2690.000000 1.009452 10.001249
2700.000000 0.999699 10.012789
2710.000000 1.001778 10.020840
2720.000000 0.985499 10.021835
2730.000000 1.006522 10.047322
2740.000000 1.008520 10.027908
2750.000000 0.999345 10.040599
2760.000000 1.002896 10.050419
2770.000000 0.992094 10.053046
2780.000000 0.995387 10.053994
2790.000000 0.997046 10.065694
2800.000000 1.012029 10.060323
2810.000000 1.008366 10.066048
2820.000000 1.010233 10.093191
2830.000000 0.996978 10.077588
2840.000000 0.974166 10.069484
2850.000000 0.989451 10.067192
2860.000000 0.991712 10.051789
2870.000000 1.012419 10.040151
2880.000000 0.988941 10.029034
2890.000000 1.004543 10.041184
2900.000000 0.993604 9.995170
2910.000000 0.991074 9.988849
2920.000000 1.001497 9.986547
2930.000000 0.999737 9.978691
2940.000000 0.997972 9.987542
2950.000000 0.986993 9.986675
2960.000000 1.008347 9.990448
2970.000000 0.995407 9.992282
2980.000000 1.021561 10.004638
2990.000000 1.006558 9.996032
3000.000000 1.003390 10.019626
3010.000000 1.015044 10.005437
3020.000000 0.994938 9.969302
3030.000000 1.009221 9.983980
3040.000000 1.002918 9.995244
3050.000000 1.006890 10.022996
3060.000000 1.008021 10.015437
3070.000000 0.997956 10.018127
3080.000000 0.994893 10.008536
3090.000000 1.000566 10.012325
3100.000000 1.001421 10.018759
3110.000000 1.007361 10.019796
3120.000000 0.999245 10.017497
3130.000000 0.998083 10.007503
3140.000000 1.007587 9.982001
3150.000000 0.981739 9.964181
3160.000000 0.993074 9.933432
3170.000000 0.989219 9.920372
3180.000000 1.001254 9.917854
3190.000000 0.996036 9.912937
3200.000000 0.989205 9.937410
3210.000000 1.004337 9.947630
3220.000000 1.012484 9.952863
3230.000000 1.009559 9.969987
3240.000000 1.001894 9.969562
3250.000000 1.001443 9.954635
3260.000000 0.986264 9.956180
3270.000000 1.004392 9.967728
3280.000000 1.011153 9.958779
3290.000000 1.008441 9.949682
3300.000000 0.995540 9.953780
3310.000000 1.008332 9.964151
3320.000000 0.995634 9.942559
3330.000000 1.010676 9.942159
3340.000000 0.995847 9.921855
3350.000000 0.994671 9.932567
3360.000000 1.004119 9.914796
3370.000000 1.023433 9.894752
3380.000000 1.004910 9.888582
3390.000000 0.997235 9.909677
3400.000000 1.008280 9.932306
3410.000000 0.999429 9.941621
3420.000000 0.994185 9.937241
3430.000000 0.987380 9.952726
3440.000000 0.992150 9.917450
3450.000000 0.989425 9.913649
3460.000000 0.996748 9.921643
3470.000000 0.997811 9.921079
3480.000000 0.990928 9.923073
3490.000000 0.994304 9.911502
3500.000000 1.007304 9.916779
3510.000000 1.015885 9.935388
3520.000000 0.995804 9.930585
3530.000000 0.985084 9.945537
3540.000000 0.999411 9.935086
3550.000000 0.995328 9.947780
3560.000000 0.998679 9.947466
3570.000000 0.996118 9.971559
3580.000000 1.014273 9.952987
3590.000000 1.013656 9.969426
3600.000000 1.002754 9.983031


0.000000 0.000000 0.000000
10.000000 14.319700 18.932180
20.000000 13.854453 17.209762
30.000000 13.669776 15.217903
40.000000 13.708254 14.341635
50.000000 13.700025 14.353011
60.000000 13.835484 14.040279
70.000000 13.707764 13.884973
80.000000 13.974949 13.960708
90.000000 13.869540 13.753570
100.000000 14.064980 14.088944
110.000000 13.831796 14.073973
120.000000 14.066864 13.705148
130.000000 13.906399 13.937130
140.000000 13.749024 13.547673
150.000000 13.975346 13.686238
160.000000 13.776189 13.436242
170.000000 13.840452 13.948119
180.000000 13.811036 13.708876
190.000000 13.718360 13.934420
200.000000 13.477264 13.828456
210.000000 13.773072 13.801308
220.000000 13.891599 13.880788
230.000000 13.628699 13.940007
240.000000 13.652675 13.627658
250.000000 13.749957 13.801358
260.000000 13.572171 13.740384
270.000000 13.715383 13.995740
280.000000 13.900539 13.880610
290.000000 13.993964 14.084120
300.000000 13.841444 13.736705
310.000000 13.960756 14.032732
320.000000 13.707063 13.963682
330.000000 13.834973 13.873222
340.000000 13.606630 13.520170
350.000000 13.494042 13.572931
360.000000 13.702341 13.796099
370.000000 13.841968 13.806163
380.000000 13.898861 13.780562
390.000000 13.947368 13.665242
400.000000 13.788321 13.744262
410.000000 13.864676 13.833000
420.000000 13.643237 13.824669
430.000000 13.776378 13.870223
440.000000 13.578555 13.710647
450.000000 13.885608 13.956158
460.000000 13.716256 13.624445
470.000000 13.516442 13.688416
480.000000 13.783474 13.717996
490.000000 13.935759 13.873093
500.000000 13.720065 13.492204
510.000000 13.792351 13.845367
520.000000 14.090243 14.127532
530.000000 13.702443 13.800370
540.000000 13.691864 13.789533
550.000000 14.022387 13.622426
560.000000 14.219930 13.905317
570.000000 13.854469 13.681013
580.000000 13.719208 13.511141
590.000000 13.585837 13.892627
600.000000 13.659203 13.908886
610.000000 13.957938 13.865737
620.000000 14.116398 13.894570
630.000000 13.769856 13.675194
640.000000 13.618509 13.778175
650.000000 13.788632 13.837032
660.000000 13.773413 13.689779
670.000000 13.800551 13.548371
680.000000 13.721948 13.891488
690.000000 13.667303 13.850218
700.000000 13.749748 13.756666
710.000000 13.782287 13.504754
720.000000 13.965832 13.743709
730.000000 13.846823 13.984803
740.000000 13.864095 13.719179
750.000000 13.670787 13.842718
760.000000 13.827616 13.586141
770.000000 13.602045 13.811608
780.000000 13.599456 13.758869
790.000000 13.936052 13.800006
800.000000 13.615583 13.649162
810.000000 13.914465 14.058230
820.000000 13.658781 13.752643
830.000000 13.827316 13.760389
840.000000 13.864751 13.711711
850.000000 13.849494 14.037493
860.000000 13.834053 13.717525
870.000000 14.015409 13.729275
880.000000 13.396036 13.694325
890.000000 13.759009 13.429087
900.000000 13.614505 13.909234
910.000000 13.958069 13.639893
920.000000 13.763795 14.111796
930.000000 13.810424 13.832359
940.000000 13.846811 13.657092
950.000000 13.604921 13.979080
960.000000 14.073950 13.799228
970.000000 13.856812 13.761011
980.000000 13.692437 13.909629
990.000000 13.641200 13.960967
1000.000000 13.703411 13.627022
1010.000000 13.907423 14.085688
1020.000000 13.670671 13.712762
1030.000000 13.894024 13.891291
1040.000000 13.719639 13.992817
1050.000000 13.739789 14.006065
1060.000000 13.797553 13.726148
1070.000000 13.849134 13.757063
1080.000000 13.928814 13.480729
1090.000000 13.633316 13.825518
1100.000000 13.779400 14.009244
1110.000000 13.912356 13.982803
1120.000000 14.294278 13.764133
1130.000000 13.991163 13.773973
1140.000000 13.672103 13.664166
1150.000000 14.024935 13.603647
1160.000000 13.730144 13.830083
1170.000000 13.806694 13.987859
1180.000000 13.858925 14.086299
1190.000000 13.872410 13.779248
1200.000000 13.833520 13.881214
1210.000000 13.710616 13.868808
1220.000000 13.772829 13.943755
1230.000000 13.874208 13.916324
1240.000000 13.865962 13.705737
1250.000000 13.557705 13.744229
1260.000000 13.933202 13.830726
1270.000000 13.820674 13.746663
1280.000000 13.819167 13.850564
1290.000000 14.008456 13.896113
1300.000000 13.846208 13.752014
1310.000000 14.044175 13.947424
1320.000000 13.533765 13.910885
1330.000000 14.350242 14.010126
1340.000000 13.920496 13.865712
1350.000000 13.841876 13.765594
1360.000000 13.720875 13.966828
1370.000000 13.623941 13.817195
1380.000000 13.631311 14.063057
1390.000000 13.850115 13.912035
1400.000000 13.937615 14.008547
1410.000000 13.539240 13.754990
1420.000000 13.932504 13.713827
1430.000000 13.805894 13.565622
1440.000000 13.678007 13.756554
1450.000000 13.641166 13.808507
1460.000000 13.718955 13.519256
1470.000000 13.561660 13.661295
1480.000000 13.824071 14.085038
1490.000000 14.043989 13.725432
1500.000000 13.761390 13.447643
1510.000000 13.858920 13.856065
1520.000000 13.641912 13.884484
1530.000000 13.576821 13.411161
1540.000000 13.727864 13.644369
1550.000000 13.596021 13.838648
1560.000000 13.803069 14.037531
1570.000000 13.708138 13.998047
1580.000000 13.685122 13.825796
1590.000000 13.835139 13.846864
1600.000000 13.827674 13.695511
1610.000000 13.643857 13.472542
1620.000000 13.607121 14.063133
1630.000000 13.764602 13.869611
1640.000000 14.040999 13.913188
1650.000000 14.069845 14.108357
1660.000000 13.886074 13.739366
1670.000000 13.561047 13.532788
1680.000000 13.822386 13.701668
1690.000000 13.727105 13.535505
1700.000000 13.959005 13.910320
1710.000000 13.652512 13.651556
1720.000000 14.008614 13.455690
1730.000000 13.837652 13.678297
1740.000000 14.036305 13.587870
1750.000000 13.997257 13.878881
1760.000000 14.206738 13.979906
1770.000000 13.918312 13.805455
1780.000000 13.820995 13.599734
1790.000000 13.899846 13.784228
1800.000000 13.704114 13.829280
1810.000000 14.099926 13.793263
1820.000000 13.514804 13.914887
1830.000000 13.556914 13.967627
1840.000000 14.166782 14.006729
1850.000000 13.770083 13.649099
1860.000000 13.688498 13.997470
1870.000000 13.846146 13.923458
1880.000000 13.888476 13.652990
1890.000000 13.747185 13.892232
1900.000000 13.801008 13.952507
1910.000000 13.755219 13.810972
1920.000000 13.687903 14.017322
1930.000000 13.608409 14.114348
1940.000000 14.175068 13.477337
1950.000000 14.057893 13.644595
1960.000000 13.760948 13.771122
1970.000000 13.793319 13.748139
1980.000000 13.643446 13.743337
1990.000000 13.997837 13.558459
2000.000000 13.659547 13.613467
2010.000000 14.064300 13.687394
2020.000000 13.985028 13.735023
2030.000000 13.962739 13.495491
2040.000000 13.792674 13.655019
2050.000000 13.955596 13.835530
2060.000000 13.684303 14.009635
2070.000000 13.780664 13.585467
2080.000000 13.663920 13.606088
2090.000000 13.977608 13.747481
2100.000000 13.613459 13.342887
2110.000000 13.783143 13.665148
2120.000000 14.007523 13.914709
2130.000000 13.792813 13.761660
2140.000000 13.860976 13.463104
2150.000000 14.080755 13.511708
2160.000000 14.045869 13.647644
2170.000000 13.556769 13.854520
2180.000000 13.957453 13.965921
2190.000000 13.430237 13.834859
2200.000000 13.707144 13.933839
2210.000000 13.991594 13.968197
2220.000000 13.756905 13.750504
2230.000000 14.118169 13.712791
2240.000000 13.989297 13.719662
2250.000000 13.900300 13.864998
2260.000000 13.610273 13.879089
2270.000000 13.991127 14.005097
2280.000000 13.640453 13.689100
2290.000000 13.687752 13.712129
2300.000000 13.518577 14.248401
2310.000000 13.509862 13.899091
2320.000000 13.787890 14.049296
2330.000000 13.637106 13.470912
2340.000000 13.726735 13.563044
2350.000000 13.809380 13.834596
2360.000000 13.847672 13.859641
2370.000000 13.757168 13.658760
2380.000000 14.037215 13.941343
2390.000000 13.709863 13.936268
2400.000000 13.790933 13.970632
2410.000000 13.598984 13.797453
2420.000000 13.815895 13.907930
2430.000000 13.655809 13.811921
2440.000000 13.763785 13.363213
2450.000000 13.998340 13.830540
2460.000000 13.853551 14.018766
2470.000000 13.940688 13.741544
2480.000000 13.480288 13.852542
2490.000000 13.468934 13.695704
2500.000000 14.192525 13.765373
2510.000000 13.953039 13.554213
2520.000000 14.062616 13.551895
2530.000000 13.894159 13.438904
2540.000000 13.922790 13.500018
2550.000000 13.684701 13.493667
2560.000000 13.550409 13.714474
2570.000000 13.534931 13.887917
2580.000000 13.827539 13.982203
2590.000000 13.673095 13.731386
2600.000000 13.789473 13.889645
2610.000000 13.470304 13.756409
2620.000000 13.699762 13.717104
2630.000000 13.525796 13.872661
2640.000000 13.705945 13.622203
2650.000000 13.535323 13.813772
2660.000000 13.438660 13.852515
2670.000000 13.980504 13.535454
2680.000000 13.669019 13.733143
2690.000000 14.066232 13.931375
2700.000000 13.720065 13.962569
2710.000000 13.598183 14.059553
2720.000000 13.517515 13.942484
2730.000000 13.655028 13.495861
2740.000000 13.895582 13.846667
2750.000000 13.900490 13.912097
2760.000000 13.609754 13.947918
2770.000000 13.838066 13.690564
2780.000000 13.976529 13.682787
2790.000000 13.822998 14.126303
2800.000000 13.775031 13.924954
2810.000000 13.472045 13.743116
2820.000000 13.972412 13.668969
2830.000000 13.887561 13.886586
2840.000000 13.775417 13.882835
2850.000000 13.638078 13.676103
2860.000000 13.833896 13.984825
2870.000000 13.789246 13.981658
2880.000000 13.980400 13.505375
2890.000000 13.701664 13.805725
2900.000000 13.454036 13.631672
2910.000000 13.854604 13.769292
2920.000000 13.762419 13.966008
2930.000000 13.875702 14.138922
2940.000000 13.893313 13.977199
2950.000000 13.783428 13.915001
2960.000000 13.963693 13.778120
2970.000000 13.951164 13.876946
2980.000000 13.844684 13.640030
2990.000000 13.622716 13.687138
3000.000000 13.940206 13.800271
3010.000000 13.799964 13.723035
3020.000000 13.712547 13.637358
3030.000000 13.976256 13.644743
3040.000000 13.894528 13.605531
3050.000000 13.764350 14.035108
3060.000000 13.874845 13.979871
3070.000000 13.804155 13.665006
3080.000000 13.968082 13.632344
3090.000000 13.816014 13.197806
3100.000000 13.792048 13.467603
3110.000000 13.691321 13.669201
3120.000000 13.602948 13.816252
3130.000000 13.665922 14.057003
3140.000000 13.887137 13.624638
3150.000000 13.734987 13.775522
3160.000000 13.790496 13.952785
3170.000000 13.923892 13.569333
3180.000000 13.927431 13.727526
3190.000000 13.682593 13.782656
3200.000000 13.848887 13.779598
3210.000000 13.763188 13.547603
3220.000000 13.880344 13.925047
3230.000000 13.972796 13.762899
3240.000000 13.611954 13.634268
3250.000000 13.766212 13.982769
3260.000000 13.583898 13.632746
3270.000000 13.784617 13.823534
3280.000000 13.828520 13.813623
3290.000000 13.441787 13.425569
3300.000000 13.717280 14.254337
3310.000000 13.648857 13.907094
3320.000000 13.793770 13.719352
3330.000000 13.840853 13.687647
3340.000000 13.664159 13.968348
3350.000000 13.844807 14.045521
3360.000000 13.964509 13.916130
3370.000000 13.770679 13.787269
3380.000000 13.604978 13.338851
3390.000000 13.609662 13.807620
3400.000000 13.596625 13.501491
3410.000000 13.785279 13.662914
3420.000000 13.908993 13.950612
3430.000000 13.603653 13.812268
3440.000000 14.007436 14.308687
3450.000000 13.662085 13.819263
3460.000000 13.640699 14.013953
3470.000000 13.936706 14.033117
3480.000000 13.568350 13.693143
3490.000000 13.352059 13.886052
3500.000000 13.816532 13.666245
3510.000000 13.739841 13.599413
3520.000000 13.763045 13.626092
3530.000000 13.679121 13.803107
3540.000000 13.801583 13.938979
3550.000000 13.941089 13.863018
3560.000000 13.581909 13.558209
3570.000000 13.757113 13.598480
3580.000000 14.093049 14.052970
3590.000000 14.047343 13.658993
3600.000000 13.785223 13.871483
