0.000000 5
0.100000 5
0.200000 5
0.300000 5
0.400000 5
0.500000 5
0.600000 5
0.700000 5
0.800000 5
0.900000 5
1.000000 5
1.100000 5
1.200000 5
1.300000 5
1.400000 5
1.500000 5
1.600000 5
1.700000 5
1.800000 5
1.900000 5
2.000000 5
2.100000 5
2.200000 5
2.300000 5
2.400000 5
2.500000 5
2.600000 5
2.700000 5
2.800000 5
2.900000 5
3.000000 5
3.100000 5
3.200000 5
3.300000 5
3.400000 5
3.500000 5
3.600000 5
3.700000 5
3.800000 5
3.900000 5
4.000000 5
4.100000 5
4.200000 5
4.300000 5
4.400000 5
4.500000 5
4.600000 5
4.700000 5
4.800000 5
4.900000 5
5.000000 5
5.100000 5
5.200000 5
5.300000 5
5.400000 5
5.500000 5
5.600000 5
5.700000 5
5.800000 5
5.900000 5
6.000000 5
6.100000 5
6.200000 5
6.300000 5
6.400000 5
6.500000 5
6.600000 5
6.700000 5
6.800000 5
6.900000 5
7.000000 5
7.100000 5
7.200000 5
7.300000 5
7.400000 5
7.500000 5
7.600000 5
7.700000 5
7.800000 5
7.900000 5
8.000000 5
8.100000 5
8.200000 5
8.300000 5
8.400000 5
8.500000 5
8.600000 5
8.700000 5
8.800000 5
8.900000 5
9.000000 5
9.100000 5
9.200000 5
9.300000 5
9.400000 5
9.500000 5
9.600000 5
9.700000 5
9.800000 5
9.900000 5
10.000000 5
10.100000 5
10.200000 5
10.300000 5
10.400000 5
10.500000 5
10.600000 5
10.700000 5
10.800000 5
10.900000 5
11.000000 5
11.100000 5
11.200000 6
11.300000 6
11.400000 6
11.500000 6
11.600000 6
11.700000 6
11.800000 6
11.900000 6
12.000000 6
12.100000 6
12.200000 6
12.300000 6
12.400000 6
12.500000 5
12.600000 5
12.700000 5
12.800000 5
12.900000 5
13.000000 5
13.100000 5
13.200000 5
13.300000 5
13.400000 5
13.500000 5
13.600000 5
13.700000 5
13.800000 5
13.900000 5
14.000000 5
14.100000 5
14.200000 5
14.300000 5
14.400000 5
14.500000 5
14.600000 5
14.700000 5
14.800000 5
14.900000 5
15.000000 5
15.100000 5
15.200000 5
15.300000 5
15.400000 5
15.500000 5
15.600000 5
15.700000 5
15.800000 5
15.900000 5
16.000000 5
16.100000 5
16.200000 5
16.300000 5
16.400000 5
16.500000 5
16.600000 5
16.700000 5
16.800000 5
16.900000 5
17.000000 5
17.100000 5
17.200000 5
17.300000 5
17.400000 5
17.500000 5
17.600000 5
17.700000 5
17.800000 5
17.900000 5
18.000000 5
18.100000 5
18.200000 5
18.300000 5
18.400000 5
18.500000 5
18.600000 5
18.700000 5
18.800000 5
18.900000 5
19.000000 5
19.100000 5
19.200000 5
19.300000 5
19.400000 5
19.500000 5
19.600000 5
19.700000 5
19.800000 5
19.900000 5
20.000000 5
20.100000 5
20.200000 5
20.300000 5
20.400000 5
20.500000 5
20.600000 5
20.700000 5
20.800000 5
20.900000 5
21.000000 6
21.100000 6
21.200000 6
21.300000 6
21.400000 6
21.500000 6
21.600000 6
21.700000 6
21.800000 6
21.900000 6
22.000000 6
22.100000 6
22.200000 6
22.300000 6
22.400000 6
22.500000 6
22.600000 6
22.700000 6
22.800000 6
22.900000 6
23.000000 7
23.100000 7
23.200000 7
23.300000 7
23.400000 7
23.500000 7
23.600000 7
23.700000 7
23.800000 7
23.900000 7
24.000000 7
24.100000 7
24.200000 7
24.300000 7
24.400000 7
24.500000 7
24.600000 7
24.700000 7
24.800000 7
24.900000 7
25.000000 7
25.100000 7
25.200000 7
25.300000 7
25.400000 7
25.500000 7
25.600000 7
25.700000 7
25.800000 7
25.900000 7
26.000000 7
26.100000 7
26.200000 7
26.300000 7
26.400000 7
26.500000 7
26.600000 6
26.700000 6
26.800000 6
26.900000 6
27.000000 6
27.100000 6
27.200000 6
27.300000 6
27.400000 6
27.500000 6
27.600000 6
27.700000 6
27.800000 6
27.900000 6
28.000000 6
28.100000 6
28.200000 6
28.300000 6
28.400000 6
28.500000 6
28.600000 6
28.700000 6
28.800000 6
28.900000 6
29.000000 6
29.100000 6
29.200000 6
29.300000 6
29.400000 6
29.500000 7
29.600000 7
29.700000 7
29.800000 7
29.900000 7
30.000000 7
30.100000 7
30.200000 7
30.300000 7
30.400000 7
30.500000 7
30.600000 7
30.700000 7
30.800000 7
30.900000 7
31.000000 7
31.100000 7
31.200000 7
31.300000 7
31.400000 7
31.500000 7
31.600000 7
31.700000 7
31.800000 7
31.900000 7
32.000000 7
32.100000 7
32.200000 7
32.300000 7
32.400000 7
32.500000 7
32.600000 7
32.700000 7
32.800000 7
32.900000 7
33.000000 7
33.100000 7
33.200000 7
33.300000 7
33.400000 7
33.500000 7
33.600000 7
33.700000 7
33.800000 7
33.900000 7
34.000000 7
34.100000 7
34.200000 7
34.300000 7
34.400000 7
34.500000 7
34.600000 7
34.700000 7
34.800000 7
34.900000 8
35.000000 8
35.100000 8
35.200000 8
35.300000 8
35.400000 8
35.500000 8
35.600000 8
35.700000 8
35.800000 8
35.900000 8
36.000000 8
36.100000 8
36.200000 8
36.300000 8
36.400000 8
36.500000 8
36.600000 8
36.700000 8
36.800000 8
36.900000 8
37.000000 8
37.100000 8
37.200000 8
37.300000 8
37.400000 8
37.500000 8
37.600000 8
37.700000 8
37.800000 8
37.900000 8
38.000000 8
38.100000 8
38.200000 8
38.300000 8
38.400000 8
38.500000 8
38.600000 8
38.700000 8
38.800000 8
38.900000 8
39.000000 8
39.100000 8
39.200000 8
39.300000 8
39.400000 8
39.500000 8
39.600000 8
39.700000 8
39.800000 8
39.900000 8
40.000000 8
40.100000 8
40.200000 8
40.300000 8
40.400000 8
40.500000 8
40.600000 8
40.700000 8
40.800000 8
40.900000 8
41.000000 8
41.100000 8
41.200000 8
41.300000 8
41.400000 8
41.500000 8
41.600000 8
41.700000 8
41.800000 8
41.900000 8
42.000000 8
42.100000 8
42.200000 8
42.300000 8
42.400000 8
42.500000 8
42.600000 8
42.700000 8
42.800000 8
42.900000 8
43.000000 8
43.100000 8
43.200000 8
43.300000 8
43.400000 8
43.500000 8
43.600000 8
43.700000 8
43.800000 8
43.900000 8
44.000000 8
44.100000 8
44.200000 8
44.300000 8
44.400000 8
44.500000 8
44.600000 8
44.700000 8
44.800000 8
44.900000 8
45.000000 8
45.100000 8
45.200000 8
45.300000 9
45.400000 9
45.500000 9
45.600000 9
45.700000 9
45.800000 9
45.900000 9
46.000000 9
46.100000 9
46.200000 9
46.300000 9
46.400000 9
46.500000 9
46.600000 9
46.700000 9
46.800000 9
46.900000 9
47.000000 9
47.100000 9
47.200000 9
47.300000 9
47.400000 9
47.500000 9
47.600000 9
47.700000 9
47.800000 9
47.900000 9
48.000000 9
48.100000 9
48.200000 9
48.300000 9
48.400000 9
48.500000 9
48.600000 9
48.700000 9
48.800000 9
48.900000 9
49.000000 9
49.100000 9
49.200000 9
49.300000 9
49.400000 9
49.500000 9
49.600000 9
49.700000 9
49.800000 9
49.900000 9
50.000000 9
50.100000 9
50.200000 9
50.300000 9
50.400000 9
50.500000 9
50.600000 9
50.700000 9
50.800000 9
50.900000 9
51.000000 9
51.100000 9
51.200000 9
51.300000 9
51.400000 9
51.500000 9
51.600000 9
51.700000 9
51.800000 9
51.900000 9
52.000000 9
52.100000 9
52.200000 9
52.300000 9
52.400000 9
52.500000 9
52.600000 9
52.700000 9
52.800000 9
52.900000 9
53.000000 9
53.100000 9
53.200000 9
53.300000 9
53.400000 9
53.500000 9
53.600000 9
53.700000 9
53.800000 9
53.900000 9
54.000000 9
54.100000 9
54.200000 9
54.300000 9
54.400000 9
54.500000 9
54.600000 9
54.700000 9
54.800000 9
54.900000 9
55.000000 9
55.100000 9
55.200000 9
55.300000 9
55.400000 9
55.500000 9
55.600000 9
55.700000 9
55.800000 9
55.900000 9
56.000000 9
56.100000 9
56.200000 9
56.300000 9
56.400000 9
56.500000 9
56.600000 9
56.700000 9
56.800000 9
56.900000 9
57.000000 9
57.100000 9
57.200000 9
57.300000 9
57.400000 9
57.500000 9
57.600000 9
57.700000 9
57.800000 9
57.900000 9
58.000000 9
58.100000 9
58.200000 9
58.300000 9
58.400000 9
58.500000 9
58.600000 9
58.700000 9
58.800000 9
58.900000 9
59.000000 9
59.100000 9
59.200000 9
59.300000 9
59.400000 9
59.500000 9
59.600000 9
59.700000 9
59.800000 9
59.900000 9
60.000000 9
60.100000 9
60.200000 9
60.300000 9
60.400000 9
60.500000 9
60.600000 9
60.700000 9
60.800000 9
60.900000 9
61.000000 9
61.100000 9
61.200000 9
61.300000 9
61.400000 9
61.500000 9
61.600000 9
61.700000 9
61.800000 9
61.900000 9
62.000000 9
62.100000 9
62.200000 9
62.300000 9
62.400000 9
62.500000 9
62.600000 9
62.700000 9
62.800000 9
62.900000 9
63.000000 9
63.100000 9
63.200000 9
63.300000 9
63.400000 9
63.500000 9
63.600000 9
63.700000 9
63.800000 9
63.900000 9
64.000000 9
64.100000 9
64.200000 9
64.300000 9
64.400000 9
64.500000 9
64.600000 9
64.700000 9
64.800000 9
64.900000 9
65.000000 9
65.100000 9
65.200000 9
65.300000 9
65.400000 9
65.500000 9
65.600000 9
65.700000 9
65.800000 9
65.900000 9
66.000000 9
66.100000 9
66.200000 9
66.300000 9
66.400000 9
66.500000 9
66.600000 9
66.700000 9
66.800000 9
66.900000 9
67.000000 9
67.100000 9
67.200000 9
67.300000 9
67.400000 9
67.500000 9
67.600000 9
67.700000 9
67.800000 9
67.900000 9
68.000000 9
68.100000 9
68.200000 9
68.300000 9
68.400000 9
68.500000 9
68.600000 9
68.700000 9
68.800000 9
68.900000 9
69.000000 9
69.100000 9
69.200000 9
69.300000 9
69.400000 9
69.500000 9
69.600000 9
69.700000 9
69.800000 9
69.900000 9
70.000000 9
70.100000 9
70.200000 9
70.300000 9
70.400000 9
70.500000 9
70.600000 9
70.700000 9
70.800000 9
70.900000 9
71.000000 9
71.100000 9
71.200000 9
71.300000 10
71.400000 10
71.500000 10
71.600000 10
71.700000 10
71.800000 10
71.900000 10
72.000000 10
72.100000 10
72.200000 10
72.300000 10
72.400000 10
72.500000 10
72.600000 10
72.700000 10
72.800000 10
72.900000 10
73.000000 10
73.100000 10
73.200000 10
73.300000 10
73.400000 10
73.500000 10
73.600000 10
73.700000 10
73.800000 10
73.900000 10
74.000000 10
74.100000 9
74.200000 9
74.300000 9
74.400000 9
74.500000 9
74.600000 9
74.700000 9
74.800000 9
74.900000 9
75.000000 9
75.100000 9
75.200000 9
75.300000 9
75.400000 9
75.500000 9
75.600000 9
75.700000 9
75.800000 9
75.900000 9
76.000000 9
76.100000 9
76.200000 9
76.300000 9
76.400000 9
76.500000 9
76.600000 9
76.700000 9
76.800000 9
76.900000 9
77.000000 9
77.100000 9
77.200000 9
77.300000 9
77.400000 9
77.500000 9
77.600000 9
77.700000 9
77.800000 9
77.900000 9
78.000000 9
78.100000 9
78.200000 9
78.300000 9
78.400000 8
78.500000 8
78.600000 8
78.700000 8
78.800000 8
78.900000 8
79.000000 8
79.100000 8
79.200000 8
79.300000 8
79.400000 8
79.500000 8
79.600000 8
79.700000 8
79.800000 8
79.900000 8
80.000000 8
80.100000 8
80.200000 8
80.300000 8
80.400000 8
80.500000 8
80.600000 8
80.700000 8
80.800000 8
80.900000 8
81.000000 8
81.100000 8
81.200000 8
81.300000 8
81.400000 8
81.500000 8
81.600000 8
81.700000 8
81.800000 8
81.900000 8
82.000000 8
82.100000 8
82.200000 8
82.300000 8
82.400000 8
82.500000 8
82.600000 8
82.700000 8
82.800000 8
82.900000 8
83.000000 8
83.100000 8
83.200000 8
83.300000 8
83.400000 8
83.500000 8
83.600000 8
83.700000 8
83.800000 8
83.900000 8
84.000000 8
84.100000 8
84.200000 8
84.300000 8
84.400000 8
84.500000 8
84.600000 8
84.700000 8
84.800000 8
84.900000 8
85.000000 8
85.100000 9
85.200000 9
85.300000 9
85.400000 9
85.500000 9
85.600000 9
85.700000 9
85.800000 9
85.900000 9
86.000000 9
86.100000 9
86.200000 9
86.300000 9
86.400000 9
86.500000 9
86.600000 9
86.700000 9
86.800000 9
86.900000 9
87.000000 9
87.100000 9
87.200000 9
87.300000 9
87.400000 9
87.500000 9
87.600000 9
87.700000 9
87.800000 9
87.900000 9
88.000000 9
88.100000 9
88.200000 9
88.300000 9
88.400000 9
88.500000 9
88.600000 9
88.700000 9
88.800000 9
88.900000 9
89.000000 9
89.100000 9
89.200000 9
89.300000 9
89.400000 9
89.500000 9
89.600000 9
89.700000 9
89.800000 9
89.900000 9
90.000000 9
90.100000 9
90.200000 9
90.300000 9
90.400000 9
90.500000 9
90.600000 9
90.700000 9
90.800000 9
90.900000 8
91.000000 8
91.100000 8
91.200000 8
91.300000 8
91.400000 8
91.500000 8
91.600000 8
91.700000 8
91.800000 8
91.900000 8
92.000000 8
92.100000 8
92.200000 8
92.300000 8
92.400000 8
92.500000 8
92.600000 8
92.700000 8
92.800000 8
92.900000 8
93.000000 8
93.100000 8
93.200000 8
93.300000 8
93.400000 8
93.500000 8
93.600000 8
93.700000 8
93.800000 8
93.900000 8
94.000000 8
94.100000 8
94.200000 8
94.300000 8
94.400000 8
94.500000 8
94.600000 8
94.700000 8
94.800000 8
94.900000 8
95.000000 8
95.100000 8
95.200000 8
95.300000 8
95.400000 8
95.500000 8
95.600000 8
95.700000 8
95.800000 8
95.900000 8
96.000000 8
96.100000 8
96.200000 8
96.300000 8
96.400000 8
96.500000 8
96.600000 8
96.700000 8
96.800000 8
96.900000 8
97.000000 8
97.100000 8
97.200000 8
97.300000 8
97.400000 8
97.500000 8
97.600000 8
97.700000 8
97.800000 8
97.900000 8
98.000000 8
98.100000 8
98.200000 8
98.300000 8
98.400000 8
98.500000 8
98.600000 8
98.700000 8
98.800000 8
98.900000 8
99.000000 8
99.100000 8
99.200000 8
99.300000 8
99.400000 8
99.500000 8
99.600000 8
99.700000 8
99.800000 8
99.900000 8


0.000000 5
0.100000 5
0.200000 5
0.300000 5
0.400000 5
0.500000 5
0.600000 5
0.700000 6
0.800000 6
0.900000 6
1.000000 6
1.100000 6
1.200000 6
1.300000 6
1.400000 6
1.500000 6
1.600000 6
1.700000 6
1.800000 6
1.900000 6
2.000000 6
2.100000 5
2.200000 5
2.300000 5
2.400000 5
2.500000 5
2.600000 5
2.700000 5
2.800000 5
2.900000 5
3.000000 5
3.100000 5
3.200000 5
3.300000 5
3.400000 5
3.500000 5
3.600000 5
3.700000 5
3.800000 5
3.900000 5
4.000000 5
4.100000 5
4.200000 5
4.300000 5
4.400000 5
4.500000 5
4.600000 5
4.700000 5
4.800000 5
4.900000 5
5.000000 5
5.100000 5
5.200000 5
5.300000 5
5.400000 5
5.500000 5
5.600000 5
5.700000 5
5.800000 5
5.900000 5
6.000000 5
6.100000 5
6.200000 5
6.300000 5
6.400000 5
6.500000 5
6.600000 5
6.700000 5
6.800000 5
6.900000 5
7.000000 5
7.100000 5
7.200000 5
7.300000 5
7.400000 5
7.500000 5
7.600000 5
7.700000 5
7.800000 5
7.900000 5
8.000000 5
8.100000 5
8.200000 5
8.300000 5
8.400000 5
8.500000 5
8.600000 5
8.700000 5
8.800000 5
8.900000 5
9.000000 5
9.100000 5
9.200000 5
9.300000 5
9.400000 5
9.500000 5
9.600000 5
9.700000 5
9.800000 5
9.900000 5
10.000000 5
10.100000 5
10.200000 5
10.300000 5
10.400000 5
10.500000 5
10.600000 5
10.700000 5
10.800000 5
10.900000 5
11.000000 5
11.100000 5
11.200000 5
11.300000 5
11.400000 5
11.500000 5
11.600000 5
11.700000 5
11.800000 5
11.900000 5
12.000000 5
12.100000 5
12.200000 5
12.300000 5
12.400000 5
12.500000 5
12.600000 5
12.700000 5
12.800000 5
12.900000 5
13.000000 5
13.100000 5
13.200000 5
13.300000 5
13.400000 5
13.500000 5
13.600000 5
13.700000 5
13.800000 5
13.900000 5
14.000000 5
14.100000 5
14.200000 5
14.300000 5
14.400000 5
14.500000 5
14.600000 5
14.700000 5
14.800000 5
14.900000 5
15.000000 5
15.100000 5
15.200000 5
15.300000 5
15.400000 5
15.500000 5
15.600000 5
15.700000 5
15.800000 5
15.900000 5
16.000000 5
16.100000 5
16.200000 5
16.300000 5
16.400000 5
16.500000 5
16.600000 5
16.700000 5
16.800000 5
16.900000 5
17.000000 5
17.100000 5
17.200000 5
17.300000 5
17.400000 5
17.500000 5
17.600000 5
17.700000 5
17.800000 5
17.900000 5
18.000000 5
18.100000 5
18.200000 5
18.300000 5
18.400000 5
18.500000 5
18.600000 5
18.700000 5
18.800000 5
18.900000 5
19.000000 5
19.100000 5
19.200000 5
19.300000 5
19.400000 5
19.500000 5
19.600000 5
19.700000 5
19.800000 5
19.900000 5
20.000000 5
20.100000 5
20.200000 5
20.300000 5
20.400000 5
20.500000 5
20.600000 5
20.700000 5
20.800000 5
20.900000 5
21.000000 5
21.100000 5
21.200000 5
21.300000 5
21.400000 5
21.500000 5
21.600000 5
21.700000 5
21.800000 5
21.900000 5
22.000000 5
22.100000 5
22.200000 5
22.300000 5
22.400000 5
22.500000 5
22.600000 5
22.700000 5
22.800000 5
22.900000 5
23.000000 5
23.100000 5
23.200000 5
23.300000 5
23.400000 5
23.500000 5
23.600000 5
23.700000 5
23.800000 5
23.900000 5
24.000000 5
24.100000 5
24.200000 5
24.300000 5
24.400000 5
24.500000 5
24.600000 5
24.700000 5
24.800000 5
24.900000 5
25.000000 5
25.100000 5
25.200000 5
25.300000 5
25.400000 5
25.500000 5
25.600000 5
25.700000 5
25.800000 5
25.900000 5
26.000000 5
26.100000 5
26.200000 5
26.300000 5
26.400000 5
26.500000 5
26.600000 5
26.700000 5
26.800000 5
26.900000 5
27.000000 5
27.100000 5
27.200000 5
27.300000 5
27.400000 5
27.500000 5
27.600000 5
27.700000 5
27.800000 5
27.900000 5
28.000000 5
28.100000 6
28.200000 6
28.300000 6
28.400000 6
28.500000 6
28.600000 6
28.700000 6
28.800000 6
28.900000 6
29.000000 6
29.100000 6
29.200000 6
29.300000 6
29.400000 6
29.500000 6
29.600000 6
29.700000 6
29.800000 6
29.900000 6
30.000000 6
30.100000 6
30.200000 6
30.300000 6
30.400000 6
30.500000 6
30.600000 6
30.700000 6
30.800000 6
30.900000 6
31.000000 6
31.100000 6
31.200000 6
31.300000 6
31.400000 6
31.500000 6
31.600000 6
31.700000 6
31.800000 6
31.900000 6
32.000000 6
32.100000 6
32.200000 6
32.300000 6
32.400000 6
32.500000 6
32.600000 6
32.700000 6
32.800000 6
32.900000 6
33.000000 6
33.100000 6
33.200000 6
33.300000 6
33.400000 6
33.500000 6
33.600000 6
33.700000 6
33.800000 6
33.900000 6
34.000000 6
34.100000 6
34.200000 6
34.300000 6
34.400000 6
34.500000 6
34.600000 6
34.700000 6
34.800000 6
34.900000 6
35.000000 6
35.100000 6
35.200000 6
35.300000 6
35.400000 6
35.500000 6
35.600000 6
35.700000 6
35.800000 6
35.900000 6
36.000000 6
36.100000 6
36.200000 6
36.300000 6
36.400000 6
36.500000 6
36.600000 6
36.700000 6
36.800000 6
36.900000 6
37.000000 6
37.100000 6
37.200000 6
37.300000 6
37.400000 6
37.500000 6
37.600000 7
37.700000 7
37.800000 7
37.900000 7
38.000000 7
38.100000 7
38.200000 7
38.300000 7
38.400000 7
38.500000 7
38.600000 7
38.700000 7
38.800000 7
38.900000 7
39.000000 7
39.100000 7
39.200000 7
39.300000 7
39.400000 7
39.500000 7
39.600000 7
39.700000 7
39.800000 7
39.900000 7
40.000000 7
40.100000 6
40.200000 6
40.300000 6
40.400000 6
40.500000 6
40.600000 6
40.700000 6
40.800000 6
40.900000 6
41.000000 6
41.100000 6
41.200000 6
41.300000 6
41.400000 6
41.500000 6
41.600000 6
41.700000 6
41.800000 6
41.900000 6
42.000000 6
42.100000 6
42.200000 6
42.300000 6
42.400000 6
42.500000 6
42.600000 6
42.700000 6
42.800000 6
42.900000 6
43.000000 6
43.100000 6
43.200000 6
43.300000 6
43.400000 6
43.500000 6
43.600000 6
43.700000 7
43.800000 7
43.900000 7
44.000000 7
44.100000 7
44.200000 7
44.300000 7
44.400000 7
44.500000 7
44.600000 7
44.700000 7
44.800000 7
44.900000 7
45.000000 7
45.100000 7
45.200000 7
45.300000 7
45.400000 7
45.500000 7
45.600000 7
45.700000 7
45.800000 7
45.900000 7
46.000000 7
46.100000 7
46.200000 7
46.300000 7
46.400000 7
46.500000 7
46.600000 7
46.700000 7
46.800000 7
46.900000 7
47.000000 7
47.100000 7
47.200000 7
47.300000 7
47.400000 7
47.500000 7
47.600000 7
47.700000 7
47.800000 7
47.900000 7
48.000000 7
48.100000 7
48.200000 7
48.300000 7
48.400000 7
48.500000 7
48.600000 7
48.700000 7
48.800000 7
48.900000 7
49.000000 7
49.100000 7
49.200000 7
49.300000 7
49.400000 7
49.500000 7
49.600000 7
49.700000 7
49.800000 7
49.900000 7
50.000000 7
50.100000 7
50.200000 7
50.300000 7
50.400000 7
50.500000 7
50.600000 7
50.700000 7
50.800000 7
50.900000 7
51.000000 7
51.100000 7
51.200000 7
51.300000 7
51.400000 7
51.500000 7
51.600000 7
51.700000 7
51.800000 7
51.900000 7
52.000000 7
52.100000 7
52.200000 7
52.300000 7
52.400000 7
52.500000 7
52.600000 7
52.700000 7
52.800000 7
52.900000 7
53.000000 7
53.100000 7
53.200000 7
53.300000 7
53.400000 7
53.500000 7
53.600000 7
53.700000 7
53.800000 7
53.900000 7
54.000000 7
54.100000 7
54.200000 7
54.300000 7
54.400000 7
54.500000 7
54.600000 7
54.700000 7
54.800000 7
54.900000 7
55.000000 7
55.100000 7
55.200000 7
55.300000 7
55.400000 7
55.500000 7
55.600000 7
55.700000 7
55.800000 7
55.900000 7
56.000000 7
56.100000 7
56.200000 7
56.300000 7
56.400000 7
56.500000 7
56.600000 7
56.700000 7
56.800000 7
56.900000 7
57.000000 7
57.100000 7
57.200000 7
57.300000 7
57.400000 7
57.500000 7
57.600000 7
57.700000 7
57.800000 7
57.900000 7
58.000000 7
58.100000 7
58.200000 7
58.300000 6
58.400000 6
58.500000 6
58.600000 6
58.700000 6
58.800000 6
58.900000 6
59.000000 6
59.100000 6
59.200000 6
59.300000 6
59.400000 6
59.500000 6
59.600000 6
59.700000 6
59.800000 6
59.900000 6
60.000000 6
60.100000 6
60.200000 6
60.300000 6
60.400000 6
60.500000 6
60.600000 6
60.700000 6
60.800000 6
60.900000 6
61.000000 6
61.100000 6
61.200000 6
61.300000 6
61.400000 6
61.500000 6
61.600000 6
61.700000 6
61.800000 6
61.900000 6
62.000000 6
62.100000 6
62.200000 6
62.300000 6
62.400000 6
62.500000 6
62.600000 6
62.700000 6
62.800000 6
62.900000 6
63.000000 6
63.100000 6
63.200000 6
63.300000 6
63.400000 6
63.500000 6
63.600000 6
63.700000 7
63.800000 7
63.900000 7
64.000000 7
64.100000 7
64.200000 7
64.300000 7
64.400000 7
64.500000 7
64.600000 7
64.700000 7
64.800000 7
64.900000 7
65.000000 7
65.100000 7
65.200000 7
65.300000 7
65.400000 7
65.500000 7
65.600000 7
65.700000 7
65.800000 7
65.900000 7
66.000000 7
66.100000 7
66.200000 7
66.300000 7
66.400000 7
66.500000 7
66.600000 7
66.700000 7
66.800000 7
66.900000 7
67.000000 7
67.100000 7
67.200000 7
67.300000 7
67.400000 7
67.500000 7
67.600000 7
67.700000 7
67.800000 7
67.900000 7
68.000000 7
68.100000 7
68.200000 7
68.300000 7
68.400000 7
68.500000 7
68.600000 7
68.700000 7
68.800000 7
68.900000 7
69.000000 7
69.100000 7
69.200000 7
69.300000 7
69.400000 7
69.500000 7
69.600000 7
69.700000 7
69.800000 7
69.900000 7
70.000000 7
70.100000 7
70.200000 7
70.300000 7
70.400000 7
70.500000 7
70.600000 7
70.700000 7
70.800000 7
70.900000 7
71.000000 7
71.100000 7
71.200000 7
71.300000 7
71.400000 7
71.500000 7
71.600000 7
71.700000 7
71.800000 7
71.900000 7
72.000000 7
72.100000 7
72.200000 7
72.300000 7
72.400000 7
72.500000 7
72.600000 7
72.700000 7
72.800000 7
72.900000 7
73.000000 7
73.100000 7
73.200000 7
73.300000 7
73.400000 7
73.500000 7
73.600000 7
73.700000 7
73.800000 7
73.900000 7
74.000000 7
74.100000 7
74.200000 7
74.300000 7
74.400000 7
74.500000 7
74.600000 7
74.700000 8
74.800000 8
74.900000 8
75.000000 8
75.100000 8
75.200000 8
75.300000 8
75.400000 8
75.500000 8
75.600000 8
75.700000 8
75.800000 8
75.900000 8
76.000000 8
76.100000 8
76.200000 9
76.300000 9
76.400000 9
76.500000 9
76.600000 9
76.700000 9
76.800000 9
76.900000 9
77.000000 9
77.100000 9
77.200000 9
77.300000 9
77.400000 9
77.500000 9
77.600000 9
77.700000 9
77.800000 9
77.900000 9
78.000000 9
78.100000 9
78.200000 9
78.300000 9
78.400000 9
78.500000 9
78.600000 9
78.700000 9
78.800000 9
78.900000 9
79.000000 9
79.100000 9
79.200000 9
79.300000 9
79.400000 9
79.500000 9
79.600000 9
79.700000 9
79.800000 9
79.900000 9
80.000000 9
80.100000 9
80.200000 9
80.300000 9
80.400000 9
80.500000 9
80.600000 9
80.700000 9
80.800000 9
80.900000 9
81.000000 9
81.100000 9
81.200000 9
81.300000 9
81.400000 9
81.500000 9
81.600000 9
81.700000 9
81.800000 9
81.900000 9
82.000000 9
82.100000 9
82.200000 9
82.300000 9
82.400000 9
82.500000 9
82.600000 9
82.700000 9
82.800000 10
82.900000 10
83.000000 10
83.100000 10
83.200000 10
83.300000 10
83.400000 10
83.500000 10
83.600000 10
83.700000 10
83.800000 10
83.900000 10
84.000000 10
84.100000 10
84.200000 10
84.300000 10
84.400000 10
84.500000 10
84.600000 10
84.700000 10
84.800000 10
84.900000 10
85.000000 10
85.100000 10
85.200000 10
85.300000 10
85.400000 10
85.500000 10
85.600000 10
85.700000 10
85.800000 10
85.900000 10
86.000000 10
86.100000 10
86.200000 10
86.300000 10
86.400000 10
86.500000 10
86.600000 10
86.700000 10
86.800000 10
86.900000 10
87.000000 10
87.100000 10
87.200000 10
87.300000 10
87.400000 9
87.500000 9
87.600000 9
87.700000 9
87.800000 9
87.900000 9
88.000000 9
88.100000 9
88.200000 9
88.300000 9
88.400000 9
88.500000 9
88.600000 9
88.700000 9
88.800000 9
88.900000 9
89.000000 9
89.100000 9
89.200000 9
89.300000 9
89.400000 9
89.500000 9
89.600000 9
89.700000 9
89.800000 9
89.900000 9
90.000000 9
90.100000 9
90.200000 9
90.300000 9
90.400000 9
90.500000 9
90.600000 9
90.700000 9
90.800000 9
90.900000 9
91.000000 9
91.100000 9
91.200000 9
91.300000 9
91.400000 9
91.500000 9
91.600000 9
91.700000 9
91.800000 9
91.900000 9
92.000000 9
92.100000 9
92.200000 9
92.300000 9
92.400000 9
92.500000 9
92.600000 9
92.700000 9
92.800000 9
92.900000 9
93.000000 9
93.100000 9
93.200000 9
93.300000 9
93.400000 9
93.500000 9
93.600000 9
93.700000 9
93.800000 9
93.900000 9
94.000000 9
94.100000 9
94.200000 9
94.300000 9
94.400000 9
94.500000 9
94.600000 9
94.700000 9
94.800000 9
94.900000 9
95.000000 9
95.100000 10
95.200000 10
95.300000 10
95.400000 10
95.500000 10
95.600000 10
95.700000 10
95.800000 10
95.900000 10
96.000000 10
96.100000 10
96.200000 10
96.300000 10
96.400000 10
96.500000 10
96.600000 10
96.700000 10
96.800000 10
96.900000 10
97.000000 10
97.100000 10
97.200000 10
97.300000 10
97.400000 10
97.500000 10
97.600000 10
97.700000 10
97.800000 10
97.900000 10
98.000000 10
98.100000 10
98.200000 10
98.300000 10
98.400000 10
98.500000 10
98.600000 10
98.700000 10
98.800000 10
98.900000 10
99.000000 10
99.100000 10
99.200000 10
99.300000 10
99.400000 10
99.500000 10
99.600000 10
99.700000 10
99.800000 10
99.900000 10


0.000000 5
0.100000 5
0.200000 5
0.300000 5
0.400000 5
0.500000 5
0.600000 5
0.700000 5
0.800000 5
0.900000 5
1.000000 5
1.100000 4
1.200000 4
1.300000 4
1.400000 4
1.500000 4
1.600000 4
1.700000 4
1.800000 4
1.900000 4
2.000000 4
2.100000 4
2.200000 4
2.300000 4
2.400000 4
2.500000 4
2.600000 4
2.700000 4
2.800000 4
2.900000 4
3.000000 4
3.100000 4
3.200000 4
3.300000 4
3.400000 4
3.500000 4
3.600000 4
3.700000 4
3.800000 4
3.900000 4
4.000000 4
4.100000 4
4.200000 4
4.300000 4
4.400000 4
4.500000 4
4.600000 4
4.700000 4
4.800000 4
4.900000 4
5.000000 4
5.100000 4
5.200000 4
5.300000 4
5.400000 4
5.500000 4
5.600000 4
5.700000 4
5.800000 4
5.900000 4
6.000000 4
6.100000 4
6.200000 4
6.300000 4
6.400000 4
6.500000 4
6.600000 4
6.700000 4
6.800000 4
6.900000 4
7.000000 4
7.100000 4
7.200000 4
7.300000 4
7.400000 4
7.500000 4
7.600000 4
7.700000 4
7.800000 4
7.900000 4
8.000000 4
8.100000 4
8.200000 4
8.300000 4
8.400000 4
8.500000 4
8.600000 4
8.700000 4
8.800000 4
8.900000 4
9.000000 4
9.100000 4
9.200000 4
9.300000 4
9.400000 4
9.500000 4
9.600000 4
9.700000 4
9.800000 4
9.900000 4
10.000000 4
10.100000 4
10.200000 4
10.300000 4
10.400000 4
10.500000 4
10.600000 4
10.700000 4
10.800000 4
10.900000 4
11.000000 4
11.100000 4
11.200000 4
11.300000 4
11.400000 4
11.500000 4
11.600000 4
11.700000 4
11.800000 4
11.900000 4
12.000000 4
12.100000 4
12.200000 4
12.300000 4
12.400000 4
12.500000 4
12.600000 4
12.700000 4
12.800000 4
12.900000 4
13.000000 4
13.100000 4
13.200000 4
13.300000 4
13.400000 4
13.500000 4
13.600000 4
13.700000 4
13.800000 4
13.900000 4
14.000000 4
14.100000 4
14.200000 4
14.300000 4
14.400000 4
14.500000 4
14.600000 4
14.700000 4
14.800000 4
14.900000 4
15.000000 4
15.100000 4
15.200000 4
15.300000 4
15.400000 4
15.500000 4
15.600000 4
15.700000 4
15.800000 4
15.900000 4
16.000000 4
16.100000 4
16.200000 4
16.300000 4
16.400000 4
16.500000 4
16.600000 4
16.700000 4
16.800000 4
16.900000 4
17.000000 5
17.100000 5
17.200000 5
17.300000 5
17.400000 5
17.500000 5
17.600000 5
17.700000 5
17.800000 5
17.900000 5
18.000000 5
18.100000 5
18.200000 5
18.300000 5
18.400000 5
18.500000 5
18.600000 5
18.700000 5
18.800000 5
18.900000 5
19.000000 5
19.100000 5
19.200000 5
19.300000 5
19.400000 5
19.500000 5
19.600000 5
19.700000 5
19.800000 5
19.900000 5
20.000000 5
20.100000 5
20.200000 5
20.300000 5
20.400000 5
20.500000 5
20.600000 5
20.700000 5
20.800000 5
20.900000 5
21.000000 5
21.100000 5
21.200000 5
21.300000 5
21.400000 5
21.500000 5
21.600000 5
21.700000 5
21.800000 5
21.900000 5
22.000000 5
22.100000 5
22.200000 5
22.300000 5
22.400000 5
22.500000 5
22.600000 5
22.700000 5
22.800000 5
22.900000 5
23.000000 5
23.100000 5
23.200000 5
23.300000 5
23.400000 5
23.500000 5
23.600000 5
23.700000 5
23.800000 5
23.900000 5
24.000000 5
24.100000 5
24.200000 5
24.300000 5
24.400000 5
24.500000 5
24.600000 5
24.700000 5
24.800000 5
24.900000 5
25.000000 5
25.100000 5
25.200000 5
25.300000 5
25.400000 5
25.500000 5
25.600000 5
25.700000 5
25.800000 5
25.900000 5
26.000000 5
26.100000 5
26.200000 5
26.300000 5
26.400000 5
26.500000 5
26.600000 5
26.700000 5
26.800000 5
26.900000 5
27.000000 5
27.100000 5
27.200000 5
27.300000 5
27.400000 5
27.500000 5
27.600000 5
27.700000 5
27.800000 5
27.900000 5
28.000000 5
28.100000 5
28.200000 5
28.300000 5
28.400000 5
28.500000 5
28.600000 5
28.700000 5
28.800000 5
28.900000 5
29.000000 5
29.100000 5
29.200000 5
29.300000 5
29.400000 5
29.500000 5
29.600000 5
29.700000 5
29.800000 5
29.900000 5
30.000000 5
30.100000 5
30.200000 5
30.300000 5
30.400000 5
30.500000 5
30.600000 5
30.700000 5
30.800000 5
30.900000 5
31.000000 5
31.100000 5
31.200000 5
31.300000 5
31.400000 5
31.500000 5
31.600000 5
31.700000 5
31.800000 5
31.900000 5
32.000000 5
32.100000 5
32.200000 5
32.300000 5
32.400000 5
32.500000 5
32.600000 5
32.700000 5
32.800000 5
32.900000 5
33.000000 5
33.100000 5
33.200000 5
33.300000 5
33.400000 5
33.500000 5
33.600000 5
33.700000 5
33.800000 5
33.900000 5
34.000000 5
34.100000 5
34.200000 5
34.300000 5
34.400000 5
34.500000 5
34.600000 5
34.700000 5
34.800000 5
34.900000 5
35.000000 5
35.100000 5
35.200000 5
35.300000 5
35.400000 5
35.500000 5
35.600000 5
35.700000 5
35.800000 5
35.900000 5
36.000000 5
36.100000 5
36.200000 5
36.300000 5
36.400000 5
36.500000 5
36.600000 5
36.700000 5
36.800000 5
36.900000 5
37.000000 5
37.100000 5
37.200000 5
37.300000 5
37.400000 5
37.500000 5
37.600000 5
37.700000 5
37.800000 5
37.900000 5
38.000000 5
38.100000 5
38.200000 5
38.300000 5
38.400000 5
38.500000 5
38.600000 5
38.700000 5
38.800000 5
38.900000 5
39.000000 5
39.100000 5
39.200000 5
39.300000 5
39.400000 5
39.500000 5
39.600000 5
39.700000 5
39.800000 5
39.900000 5
40.000000 5
40.100000 5
40.200000 5
40.300000 5
40.400000 5
40.500000 5
40.600000 5
40.700000 5
40.800000 5
40.900000 5
41.000000 5
41.100000 5
41.200000 5
41.300000 5
41.400000 5
41.500000 5
41.600000 5
41.700000 5
41.800000 5
41.900000 5
42.000000 5
42.100000 5
42.200000 6
42.300000 6
42.400000 6
42.500000 6
42.600000 6
42.700000 6
42.800000 6
42.900000 6
43.000000 6
43.100000 6
43.200000 6
43.300000 6
43.400000 6
43.500000 6
43.600000 6
43.700000 6
43.800000 6
43.900000 6
44.000000 6
44.100000 6
44.200000 6
44.300000 6
44.400000 6
44.500000 5
44.600000 5
44.700000 5
44.800000 5
44.900000 5
45.000000 5
45.100000 5
45.200000 5
45.300000 5
45.400000 5
45.500000 5
45.600000 5
45.700000 6
45.800000 6
45.900000 6
46.000000 6
46.100000 6
46.200000 6
46.300000 6
46.400000 6
46.500000 6
46.600000 6
46.700000 6
46.800000 6
46.900000 6
47.000000 6
47.100000 6
47.200000 6
47.300000 6
47.400000 6
47.500000 6
47.600000 6
47.700000 6
47.800000 6
47.900000 6
48.000000 5
48.100000 5
48.200000 5
48.300000 5
48.400000 5
48.500000 5
48.600000 5
48.700000 5
48.800000 5
48.900000 5
49.000000 5
49.100000 5
49.200000 5
49.300000 5
49.400000 5
49.500000 5
49.600000 5
49.700000 5
49.800000 5
49.900000 5
50.000000 5
50.100000 5
50.200000 5
50.300000 5
50.400000 5
50.500000 5
50.600000 5
50.700000 5
50.800000 5
50.900000 5
51.000000 5
51.100000 5
51.200000 5
51.300000 5
51.400000 5
51.500000 6
51.600000 6
51.700000 6
51.800000 6
51.900000 6
52.000000 6
52.100000 6
52.200000 6
52.300000 6
52.400000 6
52.500000 6
52.600000 6
52.700000 6
52.800000 6
52.900000 6
53.000000 6
53.100000 6
53.200000 6
53.300000 6
53.400000 6
53.500000 6
53.600000 6
53.700000 6
53.800000 6
53.900000 6
54.000000 6
54.100000 6
54.200000 6
54.300000 6
54.400000 6
54.500000 6
54.600000 6
54.700000 6
54.800000 6
54.900000 6
55.000000 6
55.100000 6
55.200000 6
55.300000 7
55.400000 8
55.500000 8
55.600000 8
55.700000 8
55.800000 8
55.900000 8
56.000000 8
56.100000 8
56.200000 8
56.300000 8
56.400000 8
56.500000 8
56.600000 8
56.700000 8
56.800000 8
56.900000 8
57.000000 8
57.100000 8
57.200000 8
57.300000 8
57.400000 8
57.500000 8
57.600000 8
57.700000 8
57.800000 8
57.900000 8
58.000000 8
58.100000 8
58.200000 8
58.300000 8
58.400000 8
58.500000 8
58.600000 8
58.700000 8
58.800000 8
58.900000 8
59.000000 8
59.100000 8
59.200000 8
59.300000 8
59.400000 8
59.500000 8
59.600000 8
59.700000 8
59.800000 8
59.900000 8
60.000000 8
60.100000 8
60.200000 8
60.300000 8
60.400000 8
60.500000 8
60.600000 8
60.700000 8
60.800000 8
60.900000 8
61.000000 8
61.100000 8
61.200000 8
61.300000 8
61.400000 8
61.500000 8
61.600000 8
61.700000 8
61.800000 8
61.900000 8
62.000000 8
62.100000 9
62.200000 9
62.300000 9
62.400000 9
62.500000 9
62.600000 9
62.700000 9
62.800000 9
62.900000 9
63.000000 9
63.100000 9
63.200000 9
63.300000 9
63.400000 9
63.500000 9
63.600000 9
63.700000 9
63.800000 9
63.900000 8
64.000000 8
64.100000 8
64.200000 8
64.300000 8
64.400000 8
64.500000 8
64.600000 8
64.700000 8
64.800000 8
64.900000 8
65.000000 8
65.100000 8
65.200000 8
65.300000 7
65.400000 7
65.500000 7
65.600000 7
65.700000 7
65.800000 7
65.900000 7
66.000000 7
66.100000 7
66.200000 7
66.300000 7
66.400000 7
66.500000 7
66.600000 7
66.700000 7
66.800000 7
66.900000 7
67.000000 8
67.100000 8
67.200000 8
67.300000 8
67.400000 8
67.500000 8
67.600000 8
67.700000 8
67.800000 8
67.900000 8
68.000000 8
68.100000 8
68.200000 8
68.300000 8
68.400000 8
68.500000 8
68.600000 8
68.700000 8
68.800000 8
68.900000 8
69.000000 8
69.100000 8
69.200000 8
69.300000 8
69.400000 8
69.500000 8
69.600000 8
69.700000 8
69.800000 8
69.900000 8
70.000000 8
70.100000 8
70.200000 8
70.300000 8
70.400000 8
70.500000 8
70.600000 8
70.700000 8
70.800000 8
70.900000 8
71.000000 8
71.100000 8
71.200000 8
71.300000 8
71.400000 8
71.500000 8
71.600000 8
71.700000 8
71.800000 8
71.900000 8
72.000000 8
72.100000 8
72.200000 8
72.300000 8
72.400000 8
72.500000 8
72.600000 8
72.700000 8
72.800000 8
72.900000 8
73.000000 8
73.100000 8
73.200000 8
73.300000 8
73.400000 8
73.500000 8
73.600000 8
73.700000 8
73.800000 8
73.900000 8
74.000000 8
74.100000 8
74.200000 8
74.300000 8
74.400000 8
74.500000 8
74.600000 8
74.700000 8
74.800000 8
74.900000 8
75.000000 8
75.100000 8
75.200000 8
75.300000 8
75.400000 8
75.500000 8
75.600000 8
75.700000 8
75.800000 8
75.900000 8
76.000000 8
76.100000 8
76.200000 8
76.300000 8
76.400000 8
76.500000 8
76.600000 8
76.700000 8
76.800000 8
76.900000 8
77.000000 8
77.100000 8
77.200000 8
77.300000 8
77.400000 8
77.500000 8
77.600000 8
77.700000 8
77.800000 8
77.900000 8
78.000000 8
78.100000 8
78.200000 8
78.300000 8
78.400000 8
78.500000 8
78.600000 8
78.700000 8
78.800000 8
78.900000 8
79.000000 8
79.100000 8
79.200000 8
79.300000 8
79.400000 8
79.500000 8
79.600000 8
79.700000 8
79.800000 8
79.900000 8
80.000000 8
80.100000 8
80.200000 8
80.300000 8
80.400000 8
80.500000 8
80.600000 8
80.700000 8
80.800000 8
80.900000 8
81.000000 8
81.100000 8
81.200000 8
81.300000 8
81.400000 8
81.500000 8
81.600000 8
81.700000 8
81.800000 8
81.900000 8
82.000000 8
82.100000 8
82.200000 8
82.300000 8
82.400000 8
82.500000 8
82.600000 8
82.700000 8
82.800000 8
82.900000 8
83.000000 8
83.100000 8
83.200000 8
83.300000 8
83.400000 8
83.500000 8
83.600000 8
83.700000 8
83.800000 8
83.900000 8
84.000000 8
84.100000 8
84.200000 8
84.300000 8
84.400000 8
84.500000 8
84.600000 8
84.700000 8
84.800000 8
84.900000 7
85.000000 7
85.100000 7
85.200000 7
85.300000 7
85.400000 7
85.500000 7
85.600000 7
85.700000 7
85.800000 7
85.900000 7
86.000000 7
86.100000 7
86.200000 7
86.300000 7
86.400000 7
86.500000 7
86.600000 7
86.700000 7
86.800000 7
86.900000 7
87.000000 7
87.100000 7
87.200000 7
87.300000 7
87.400000 7
87.500000 7
87.600000 7
87.700000 7
87.800000 7
87.900000 7
88.000000 7
88.100000 7
88.200000 7
88.300000 7
88.400000 7
88.500000 7
88.600000 7
88.700000 7
88.800000 7
88.900000 7
89.000000 7
89.100000 7
89.200000 7
89.300000 7
89.400000 7
89.500000 7
89.600000 7
89.700000 7
89.800000 7
89.900000 7
90.000000 7
90.100000 7
90.200000 8
90.300000 8
90.400000 8
90.500000 8
90.600000 8
90.700000 8
90.800000 8
90.900000 8
91.000000 8
91.100000 8
91.200000 8
91.300000 8
91.400000 8
91.500000 9
91.600000 9
91.700000 9
91.800000 9
91.900000 9
92.000000 9
92.100000 9
92.200000 9
92.300000 9
92.400000 9
92.500000 9
92.600000 9
92.700000 9
92.800000 9
92.900000 9
93.000000 9
93.100000 9
93.200000 9
93.300000 9
93.400000 9
93.500000 9
93.600000 9
93.700000 9
93.800000 9
93.900000 9
94.000000 9
94.100000 9
94.200000 9
94.300000 9
94.400000 9
94.500000 9
94.600000 9
94.700000 9
94.800000 9
94.900000 9
95.000000 9
95.100000 9
95.200000 10
95.300000 10
95.400000 10
95.500000 10
95.600000 10
95.700000 10
95.800000 10
95.900000 10
96.000000 10
96.100000 10
96.200000 10
96.300000 10
96.400000 10
96.500000 10
96.600000 10
96.700000 10
96.800000 10
96.900000 10
97.000000 10
97.100000 10
97.200000 10
97.300000 10
97.400000 10
97.500000 10
97.600000 10
97.700000 10
97.800000 10
97.900000 10
98.000000 10
98.100000 10
98.200000 10
98.300000 10
98.400000 10
98.500000 10
98.600000 10
98.700000 10
98.800000 10
98.900000 10
99.000000 10
99.100000 10
99.200000 10
99.300000 10
99.400000 10
99.500000 10
99.600000 10
99.700000 10
99.800000 10
99.900000 10


