0.000000 10.000000
0.100000 10.000200
0.200000 10.000000
0.300000 9.999800
0.400000 9.998600
0.500000 9.999200
0.600000 9.998200
0.700000 10.000300
0.800000 10.000200
0.900000 10.001200
1.000000 10.001400
1.100000 10.003200
1.200000 10.003500
1.300000 10.000000
1.400000 9.999900
1.500000 10.000600
1.600000 9.999700
1.700000 10.000500
1.800000 9.999100
1.900000 9.997900
2.000000 9.996800
2.100000 9.996000
2.200000 9.997000
2.300000 9.996000
2.400000 9.998300
2.500000 9.996700
2.600000 9.994000
2.700000 9.991200
2.800000 9.991000
2.900000 9.990200
3.000000 9.991900
3.100000 9.994200
3.200000 9.995500
3.300000 9.994500
3.400000 9.999100
3.500000 10.000100
3.600000 9.999400
3.700000 9.998800
3.800000 9.999100
3.900000 10.001200
4.000000 10.000900
4.100000 10.003000
4.200000 10.003800
4.300000 10.002100
4.400000 10.001900
4.500000 10.000300
4.600000 10.000100
4.700000 10.000300
4.800000 10.001700
4.900000 10.001600
5.000000 10.001100
5.100000 10.000900
5.200000 10.001100
5.300000 10.003300
5.400000 10.005100
5.500000 10.004500
5.600000 10.000600
5.700000 9.999500
5.800000 9.997400
5.900000 9.994800
6.000000 9.997100
6.100000 9.997400
6.200000 9.997800
6.300000 9.999300
6.400000 9.999600
6.500000 10.000500
6.600000 10.001700
6.700000 9.999100
6.800000 9.998000
6.900000 9.998400
7.000000 9.999800
7.100000 9.999500
7.200000 9.997800
7.300000 9.995800
7.400000 9.997900
7.500000 9.999500
7.600000 9.998400
7.700000 10.000000
7.800000 9.999300
7.900000 9.998100
8.000000 10.000400
8.100000 10.000400
8.200000 9.999900
8.300000 9.999400
8.400000 9.998400
8.500000 9.995900
8.600000 9.996500
8.700000 9.996100
8.800000 9.994700
8.900000 9.995100
9.000000 9.994400
9.100000 9.995600
9.200000 9.996000
9.300000 9.996000
9.400000 9.995300
9.500000 9.993300
9.600000 9.992800
9.700000 9.993600
9.800000 9.993900
9.900000 9.994100
10.000000 9.991800
10.100000 9.993400
10.200000 9.993100
10.300000 9.991100
10.400000 9.990600
10.500000 9.993700
10.600000 9.995900
10.700000 9.994400
10.800000 9.992800
10.900000 9.996200
11.000000 9.997200
11.100000 9.994900
11.200000 9.997800
11.300000 9.996900
11.400000 9.996400
11.500000 9.997900
11.600000 9.996700
11.700000 9.996400
11.800000 9.997000
11.900000 9.996000
12.000000 9.996500
12.100000 9.996200
12.200000 9.997200
12.300000 9.995200
12.400000 9.997500
12.500000 9.999300
12.600000 10.001300
12.700000 10.001900
12.800000 10.002600
12.900000 10.003900
13.000000 10.003000
13.100000 10.003900
13.200000 10.003700
13.300000 10.000800
13.400000 9.999100
13.500000 9.998100
13.600000 9.999800
13.700000 9.997200
13.800000 9.996400
13.900000 9.997300
14.000000 9.997600
14.100000 9.996300
14.200000 9.994700
14.300000 9.996100
14.400000 9.996100
14.500000 9.995900
14.600000 9.994900
14.700000 9.994600
14.800000 9.994900
14.900000 9.997500
15.000000 9.997900
15.100000 9.996700
15.200000 9.995900
15.300000 9.995400
15.400000 9.995000
15.500000 9.996500
15.600000 9.998800
15.700000 9.998800
15.800000 9.996600
15.900000 9.999000
16.000000 9.998700
16.100000 9.997100
16.200000 9.997500
16.300000 9.997200
16.400000 9.995800
16.500000 9.994800
16.600000 9.993500
16.700000 9.994900
16.800000 9.995700
16.900000 9.997400
17.000000 9.999000
17.100000 9.998500
17.200000 9.996000
17.300000 9.995400
17.400000 9.995800
17.500000 9.996700
17.600000 9.997700
17.700000 10.000000
17.800000 10.000600
17.900000 9.998500
18.000000 9.997900
18.100000 9.996700
18.200000 9.996600
18.300000 9.998200
18.400000 9.999200
18.500000 10.001400
18.600000 10.003400
18.700000 10.003500
18.800000 10.006400
18.900000 10.006700
19.000000 10.003200
19.100000 10.004800
19.200000 10.004300
19.300000 10.004300
19.400000 10.005700
19.500000 10.006300
19.600000 10.007500
19.700000 10.006300
19.800000 10.006500
19.900000 10.007100
20.000000 10.008100
20.100000 10.007700
20.200000 10.008800
20.300000 10.008700
20.400000 10.008300
20.500000 10.010300
20.600000 10.009100
20.700000 10.006600
20.800000 10.003900
20.900000 10.005900
21.000000 10.008400
21.100000 10.007300
21.200000 10.007700
21.300000 10.008500
21.400000 10.008700
21.500000 10.005600
21.600000 10.007400
21.700000 10.007700
21.800000 10.007200
21.900000 10.006700
22.000000 10.006000
22.100000 10.006100
22.200000 10.005000
22.300000 10.005800
22.400000 10.006400
22.500000 10.008500
22.600000 10.006900
22.700000 10.008100
22.800000 10.006000
22.900000 10.004100
23.000000 10.002300
23.100000 10.000500
23.200000 9.999600
23.300000 9.997800
23.400000 9.997800
23.500000 9.997500
23.600000 9.997200
23.700000 9.996700
23.800000 9.996700
23.900000 9.994100
24.000000 9.996600
24.100000 9.996500
24.200000 9.996400
24.300000 9.999500
24.400000 9.998700
24.500000 9.994700
24.600000 9.995700
24.700000 9.992100
24.800000 9.993200
24.900000 9.993000
25.000000 9.991100
25.100000 9.990800
25.200000 9.988000
25.300000 9.988000
25.400000 9.987800
25.500000 9.988500
25.600000 9.990700
25.700000 9.991900
25.800000 9.990600
25.900000 9.991500
26.000000 9.990300
26.100000 9.990600
26.200000 9.988600
26.300000 9.986200
26.400000 9.986100
26.500000 9.983900
26.600000 9.984900
26.700000 9.985500
26.800000 9.986700
26.900000 9.986600
27.000000 9.985600
27.100000 9.984300
27.200000 9.987900
27.300000 9.989400
27.400000 9.987300
27.500000 9.986600
27.600000 9.986300
27.700000 9.987100
27.800000 9.987500
27.900000 9.989100
28.000000 9.992100
28.100000 9.991200
28.200000 9.990600
28.300000 9.989600
28.400000 9.988500
28.500000 9.988800
28.600000 9.989200
28.700000 9.988800
28.800000 9.987900
28.900000 9.987200
29.000000 9.986500
29.100000 9.987400
29.200000 9.987700
29.300000 9.986400
29.400000 9.986100
29.500000 9.984900
29.600000 9.986100
29.700000 9.985900
29.800000 9.985500
29.900000 9.985200
30.000000 9.985400
30.100000 9.988200
30.200000 9.988500
30.300000 9.989300
30.400000 9.990200
30.500000 9.991000
30.600000 9.993100
30.700000 9.993600
30.800000 9.993800
30.900000 9.992600
31.000000 9.991800
31.100000 9.991100
31.200000 9.990400
31.300000 9.988200
31.400000 9.987000
31.500000 9.986700
31.600000 9.989500
31.700000 9.988600
31.800000 9.988500
31.900000 9.987200
32.000000 9.987100
32.100000 9.985800
32.200000 9.983800
32.300000 9.982500
32.400000 9.981800
32.500000 9.982200
32.600000 9.980700
32.700000 9.979200
32.800000 9.981500
32.900000 9.981900
33.000000 9.980700
33.100000 9.983000
33.200000 9.983600
33.300000 9.984100
33.400000 9.983900
33.500000 9.984500
33.600000 9.981500
33.700000 9.980700
33.800000 9.978000
33.900000 9.978000
34.000000 9.977200
34.100000 9.976800
34.200000 9.979800
34.300000 9.981800
34.400000 9.983600
34.500000 9.984900
34.600000 9.985000
34.700000 9.986100
34.800000 9.984200
34.900000 9.985700
35.000000 9.985800
35.100000 9.984700
35.200000 9.986700
35.300000 9.985400
35.400000 9.984000
35.500000 9.986000
35.600000 9.985500
35.700000 9.984600
35.800000 9.982800
35.900000 9.982800
36.000000 9.984500
36.100000 9.984400
36.200000 9.985700
36.300000 9.988000
36.400000 9.990600
36.500000 9.989000
36.600000 9.989400
36.700000 9.988200
36.800000 9.987500
36.900000 9.987700
37.000000 9.987400
37.100000 9.984700
37.200000 9.984100
37.300000 9.982600
37.400000 9.982100
37.500000 9.983500
37.600000 9.982000
37.700000 9.983000
37.800000 9.983700
37.900000 9.982900
38.000000 9.983700
38.100000 9.986000
38.200000 9.989300
38.300000 9.988400
38.400000 9.990100
38.500000 9.988700
38.600000 9.985400
38.700000 9.987000
38.800000 9.989100
38.900000 9.987600
39.000000 9.987300
39.100000 9.987000
39.200000 9.986200
39.300000 9.984300
39.400000 9.986900
39.500000 9.986500
39.600000 9.985800
39.700000 9.987300
39.800000 9.988800
39.900000 9.992800
40.000000 9.994300
40.100000 9.995200
40.200000 9.995100
40.300000 9.994000
40.400000 9.996700
40.500000 9.997000
40.600000 9.996500
40.700000 9.995700
40.800000 9.992700
40.900000 9.993300
41.000000 9.995000
41.100000 9.996500
41.200000 9.996800
41.300000 9.996000
41.400000 9.996200
41.500000 9.995500
41.600000 9.994500
41.700000 9.993300
41.800000 9.992200
41.900000 9.993000
42.000000 9.993500
42.100000 9.991000
42.200000 9.989500
42.300000 9.989400
42.400000 9.988800
42.500000 9.989200
42.600000 9.989800
42.700000 9.987700
42.800000 9.987600
42.900000 9.985900
43.000000 9.988600
43.100000 9.989600
43.200000 9.989600
43.300000 9.989800
43.400000 9.990100
43.500000 9.989200
43.600000 9.988400
43.700000 9.987500
43.800000 9.986200
43.900000 9.984000
44.000000 9.985200
44.100000 9.985500
44.200000 9.987800
44.300000 9.988100
44.400000 9.987100
44.500000 9.987000
44.600000 9.985700
44.700000 9.984800
44.800000 9.982500
44.900000 9.983400
45.000000 9.983800
45.100000 9.984900
45.200000 9.988000
45.300000 9.988600
45.400000 9.986700
45.500000 9.985900
45.600000 9.984800
45.700000 9.984800
45.800000 9.981800
45.900000 9.981600
46.000000 9.981800
46.100000 9.981900
46.200000 9.980600
46.300000 9.981100
46.400000 9.980400
46.500000 9.980700
46.600000 9.981300
46.700000 9.979600
46.800000 9.979600
46.900000 9.981000
47.000000 9.981300
47.100000 9.980800
47.200000 9.980600
47.300000 9.980500
47.400000 9.982000
47.500000 9.981400
47.600000 9.981700
47.700000 9.984100
47.800000 9.986700
47.900000 9.987100
48.000000 9.986500
48.100000 9.986700
48.200000 9.983800
48.300000 9.985600
48.400000 9.986900
48.500000 9.988000
48.600000 9.986700
48.700000 9.989800
48.800000 9.989500
48.900000 9.991100
49.000000 9.990800
49.100000 9.989100
49.200000 9.992100
49.300000 9.991100
49.400000 9.990100
49.500000 9.991000
49.600000 9.988900
49.700000 9.987600
49.800000 9.986200
49.900000 9.983900
50.000000 9.982600
50.100000 9.982100
50.200000 9.983400
50.300000 9.983400
50.400000 9.980500
50.500000 9.983100
50.600000 9.982400
50.700000 9.980500
50.800000 9.979700
50.900000 9.975700
51.000000 9.974600
51.100000 9.971600
51.200000 9.972000
51.300000 9.973200
51.400000 9.971300
51.500000 9.971200
51.600000 9.970500
51.700000 9.970600
51.800000 9.968500
51.900000 9.966300
52.000000 9.963100
52.100000 9.962000
52.200000 9.960400
52.300000 9.961200
52.400000 9.962500
52.500000 9.961100
52.600000 9.962900
52.700000 9.959900
52.800000 9.960000
52.900000 9.959000
53.000000 9.960000
53.100000 9.957500
53.200000 9.958700
53.300000 9.961700
53.400000 9.959200
53.500000 9.962200
53.600000 9.962800
53.700000 9.962000
53.800000 9.962800
53.900000 9.962800
54.000000 9.961500
54.100000 9.961900
54.200000 9.962300
54.300000 9.959900
54.400000 9.959500
54.500000 9.962900
54.600000 9.961900
54.700000 9.962700
54.800000 9.965100
54.900000 9.965000
55.000000 9.964700
55.100000 9.966600
55.200000 9.968100
55.300000 9.968200
55.400000 9.970700
55.500000 9.971200
55.600000 9.970500
55.700000 9.971100
55.800000 9.969700
55.900000 9.970300
56.000000 9.968500
56.100000 9.969100
56.200000 9.969100
56.300000 9.970300
56.400000 9.970800
56.500000 9.971500
56.600000 9.971800
56.700000 9.970200
56.800000 9.969500
56.900000 9.970800
57.000000 9.971300
57.100000 9.969800
57.200000 9.968500
57.300000 9.970100
57.400000 9.968000
57.500000 9.964900
57.600000 9.964600
57.700000 9.964500
57.800000 9.965600
57.900000 9.967200
58.000000 9.966900
58.100000 9.965100
58.200000 9.964900
58.300000 9.965900
58.400000 9.966400
58.500000 9.967100
58.600000 9.966300
58.700000 9.964300
58.800000 9.962300
58.900000 9.962800
59.000000 9.963500
59.100000 9.963200
59.200000 9.965400
59.300000 9.967100
59.400000 9.967600
59.500000 9.967200
59.600000 9.967100
59.700000 9.967000
59.800000 9.963900
59.900000 9.963300
60.000000 9.963800
60.100000 9.965400
60.200000 9.965800
60.300000 9.962000
60.400000 9.963300
60.500000 9.964900
60.600000 9.963800
60.700000 9.962600
60.800000 9.966300
60.900000 9.964000
61.000000 9.966300
61.100000 9.967800
61.200000 9.968100
61.300000 9.968500
61.400000 9.971700
61.500000 9.972500
61.600000 9.972800
61.700000 9.973800
61.800000 9.972500
61.900000 9.973800
62.000000 9.973600
62.100000 9.971900
62.200000 9.971700
62.300000 9.972200
62.400000 9.971900
62.500000 9.970200
62.600000 9.968000
62.700000 9.968500
62.800000 9.969500
62.900000 9.969500
63.000000 9.967100
63.100000 9.967400
63.200000 9.966200
63.300000 9.965500
63.400000 9.965600
63.500000 9.963600
63.600000 9.964600
63.700000 9.967500
63.800000 9.967000
63.900000 9.967500
64.000000 9.969700
64.100000 9.970200
64.200000 9.970100
64.300000 9.969100
64.400000 9.969000
64.500000 9.969300
64.600000 9.968700
64.700000 9.969900
64.800000 9.967800
64.900000 9.967300
65.000000 9.968500
65.100000 9.969300
65.200000 9.968500
65.300000 9.970200
65.400000 9.970300
65.500000 9.969400
65.600000 9.968100
65.700000 9.970700
65.800000 9.972400
65.900000 9.972700
66.000000 9.970300
66.100000 9.967000
66.200000 9.971700
66.300000 9.972400
66.400000 9.970800
66.500000 9.972100
66.600000 9.973400
66.700000 9.975400
66.800000 9.975200
66.900000 9.976300
67.000000 9.977700
67.100000 9.976600
67.200000 9.977000
67.300000 9.974400
67.400000 9.974000
67.500000 9.976000
67.600000 9.974900
67.700000 9.976200
67.800000 9.976100
67.900000 9.975700
68.000000 9.974300
68.100000 9.975400
68.200000 9.973800
68.300000 9.971000
68.400000 9.973500
68.500000 9.971500
68.600000 9.972300
68.700000 9.973000
68.800000 9.973200
68.900000 9.973700
69.000000 9.974700
69.100000 9.975500
69.200000 9.972900
69.300000 9.972100
69.400000 9.969900
69.500000 9.970300
69.600000 9.969000
69.700000 9.970300
69.800000 9.971900
69.900000 9.976500
70.000000 9.975600
70.100000 9.974700
70.200000 9.973500
70.300000 9.974800
70.400000 9.975600
70.500000 9.975800
70.600000 9.971900
70.700000 9.972000
70.800000 9.972000
70.900000 9.972100
71.000000 9.971900
71.100000 9.971100
71.200000 9.969200
71.300000 9.967900
71.400000 9.968800
71.500000 9.971900
71.600000 9.973300
71.700000 9.975200
71.800000 9.975500
71.900000 9.977900
72.000000 9.978300
72.100000 9.977200
72.200000 9.976400
72.300000 9.975700
72.400000 9.976800
72.500000 9.976900
72.600000 9.972100
72.700000 9.970500
72.800000 9.969700
72.900000 9.971400
73.000000 9.969300
73.100000 9.970000
73.200000 9.967900
73.300000 9.966700
73.400000 9.967200
73.500000 9.969000
73.600000 9.966800
73.700000 9.968500
73.800000 9.965700
73.900000 9.964500
74.000000 9.966100
74.100000 9.965300
74.200000 9.964100
74.300000 9.964300
74.400000 9.963300
74.500000 9.964000
74.600000 9.964700
74.700000 9.963900
74.800000 9.961100
74.900000 9.960400
75.000000 9.960300
75.100000 9.956900
75.200000 9.958300
75.300000 9.959700
75.400000 9.960600
75.500000 9.961400
75.600000 9.962300
75.700000 9.959500
75.800000 9.959100
75.900000 9.960500
76.000000 9.959000
76.100000 9.959300
76.200000 9.958800
76.300000 9.957600
76.400000 9.957600
76.500000 9.958400
76.600000 9.957600
76.700000 9.958200
76.800000 9.958500
76.900000 9.958700
77.000000 9.960100
77.100000 9.960300
77.200000 9.959600
77.300000 9.959000
77.400000 9.957000
77.500000 9.960100
77.600000 9.960800
77.700000 9.961000
77.800000 9.959600
77.900000 9.959500
78.000000 9.958900
78.100000 9.960300
78.200000 9.961000
78.300000 9.960400
78.400000 9.960800
78.500000 9.960100
78.600000 9.961900
78.700000 9.962900
78.800000 9.962100
78.900000 9.961300
79.000000 9.959400
79.100000 9.957900
79.200000 9.956700
79.300000 9.957100
79.400000 9.955500
79.500000 9.953300
79.600000 9.955100
79.700000 9.954700
79.800000 9.954700
79.900000 9.955000
80.000000 9.955000
80.100000 9.956600
80.200000 9.957700
80.300000 9.958500
80.400000 9.959100
80.500000 9.961200
80.600000 9.959900
80.700000 9.959000
80.800000 9.960700
80.900000 9.960100
81.000000 9.958600
81.100000 9.958000
81.200000 9.957000
81.300000 9.956100
81.400000 9.954800
81.500000 9.956700
81.600000 9.956100
81.700000 9.953100
81.800000 9.956700
81.900000 9.957800
82.000000 9.958300
82.100000 9.956700
82.200000 9.955500
82.300000 9.956300
82.400000 9.958100
82.500000 9.956900
82.600000 9.955900
82.700000 9.955900
82.800000 9.954300
82.900000 9.954000
83.000000 9.955900
83.100000 9.955100
83.200000 9.954300
83.300000 9.952700
83.400000 9.952100
83.500000 9.952500
83.600000 9.952800
83.700000 9.952600
83.800000 9.954000
83.900000 9.954800
84.000000 9.953000
84.100000 9.957200
84.200000 9.959000
84.300000 9.958300
84.400000 9.959400
84.500000 9.961300
84.600000 9.962400
84.700000 9.962900
84.800000 9.962200
84.900000 9.962200
85.000000 9.960800
85.100000 9.961200
85.200000 9.958800
85.300000 9.959600
85.400000 9.958300
85.500000 9.957500
85.600000 9.956000
85.700000 9.954300
85.800000 9.955600
85.900000 9.957000
86.000000 9.957200
86.100000 9.957300
86.200000 9.956300
86.300000 9.955400
86.400000 9.953300
86.500000 9.953700
86.600000 9.953000
86.700000 9.953100
86.800000 9.956700
86.900000 9.958800
87.000000 9.959300
87.100000 9.960700
87.200000 9.962100
87.300000 9.962700
87.400000 9.962000
87.500000 9.961900
87.600000 9.964700
87.700000 9.966800
87.800000 9.968100
87.900000 9.965300
88.000000 9.967300
88.100000 9.967300
88.200000 9.966100
88.300000 9.965600
88.400000 9.965600
88.500000 9.966800
88.600000 9.968200
88.700000 9.969700
88.800000 9.967500
88.900000 9.965000
89.000000 9.964200
89.100000 9.964400
89.200000 9.963700
89.300000 9.962800
89.400000 9.962500
89.500000 9.962500
89.600000 9.962400
89.700000 9.963700
89.800000 9.964100
89.900000 9.967200
90.000000 9.969900
90.100000 9.969200
90.200000 9.968500
90.300000 9.968500
90.400000 9.969000
90.500000 9.968600
90.600000 9.970100
90.700000 9.969200
90.800000 9.971700
90.900000 9.973400
91.000000 9.973300
91.100000 9.971700
91.200000 9.970300
91.300000 9.969400
91.400000 9.968400
91.500000 9.968300
91.600000 9.969600
91.700000 9.970900
91.800000 9.969100
91.900000 9.968300
92.000000 9.968800
92.100000 9.968100
92.200000 9.968300
92.300000 9.967300
92.400000 9.966400
92.500000 9.965000
92.600000 9.965400
92.700000 9.966400
92.800000 9.967800
92.900000 9.967900
93.000000 9.970700
93.100000 9.969600
93.200000 9.970800
93.300000 9.968200
93.400000 9.969700
93.500000 9.969000
93.600000 9.967000
93.700000 9.966500
93.800000 9.968100
93.900000 9.967500
94.000000 9.968000
94.100000 9.966600
94.200000 9.968400
94.300000 9.965600
94.400000 9.964700
94.500000 9.964000
94.600000 9.963800
94.700000 9.965000
94.800000 9.964800
94.900000 9.966900
95.000000 9.964900
95.100000 9.964900
95.200000 9.964800
95.300000 9.965800
95.400000 9.963600
95.500000 9.965500
95.600000 9.965600
95.700000 9.965200
95.800000 9.966100
95.900000 9.966100
96.000000 9.964400
96.100000 9.965200
96.200000 9.965800
96.300000 9.965600
96.400000 9.964600
96.500000 9.964800
96.600000 9.962700
96.700000 9.962700
96.800000 9.964300
96.900000 9.966300
97.000000 9.968700
97.100000 9.971000
97.200000 9.969500
97.300000 9.969200
97.400000 9.970500
97.500000 9.971700
97.600000 9.972200
97.700000 9.973400
97.800000 9.973900
97.900000 9.972200
98.000000 9.971300
98.100000 9.971900
98.200000 9.969500
98.300000 9.969200
98.400000 9.966900
98.500000 9.966700
98.600000 9.965200
98.700000 9.967600
98.800000 9.966100
98.900000 9.966000
99.000000 9.967200
99.100000 9.965600
99.200000 9.966200
99.300000 9.961800
99.400000 9.961800
99.500000 9.960700
99.600000 9.961200
99.700000 9.959300
99.800000 9.958600
99.900000 9.959600
100.000000 9.957800


0.000000 10.000000
0.100000 10.002900
0.200000 9.998600
0.300000 10.004700
0.400000 10.003800
0.500000 10.003700
0.600000 10.017600
0.700000 10.009600
0.800000 10.002000
0.900000 10.012000
1.000000 10.003700
1.100000 10.003700
1.200000 10.017700
1.300000 10.013200
1.400000 9.999700
1.500000 10.002600
1.600000 10.002100
1.700000 9.999300
1.800000 10.007500
1.900000 10.002700
2.000000 10.004100
2.100000 9.994700
2.200000 10.008100
2.300000 10.003300
2.400000 10.005800
2.500000 10.003300
2.600000 9.997100
2.700000 9.990100
2.800000 10.003600
2.900000 9.986700
3.000000 10.005400
3.100000 9.982800
3.200000 9.989500
3.300000 9.995300
3.400000 10.012100
3.500000 9.990200
3.600000 9.992800
3.700000 10.019400
3.800000 9.991000
3.900000 10.005300
4.000000 9.982100
4.100000 10.016400
4.200000 9.985300
4.300000 10.003400
4.400000 9.990900
4.500000 9.992700
4.600000 9.997900
4.700000 9.984100
4.800000 9.998700
4.900000 9.974500
5.000000 9.987100
5.100000 9.996200
5.200000 9.989200
5.300000 9.965300
5.400000 9.974700
5.500000 9.997400
5.600000 9.994400
5.700000 9.972900
5.800000 10.022700
5.900000 9.972200
6.000000 10.002600
6.100000 9.986600
6.200000 9.971500
6.300000 9.964900
6.400000 9.996000
6.500000 9.958600
6.600000 9.989800
6.700000 9.979700
6.800000 9.988800
6.900000 9.964700
7.000000 9.994500
7.100000 9.979700
7.200000 9.974200
7.300000 9.990600
7.400000 9.967700
7.500000 10.017000
7.600000 9.977300
7.700000 9.995000
7.800000 9.994100
7.900000 9.963000
8.000000 9.989900
8.100000 9.977900
8.200000 9.983600
8.300000 9.971400
8.400000 9.988100
8.500000 9.995300
8.600000 9.924500
8.700000 9.979300
8.800000 9.977700
8.900000 9.944200
9.000000 9.985100
9.100000 9.952300
9.200000 9.956900
9.300000 9.998500
9.400000 9.972300
9.500000 9.978000
9.600000 9.955800
9.700000 9.962100
9.800000 9.986100
9.900000 9.969700
10.000000 9.962300
10.100000 9.970500
10.200000 9.963800
10.300000 9.966100
10.400000 9.967200
10.500000 9.964900
10.600000 9.952700
10.700000 9.982700
10.800000 9.932200
10.900000 9.957400
11.000000 9.955400
11.100000 9.965600
11.200000 9.963000
11.300000 9.946900
11.400000 9.954600
11.500000 9.958000
11.600000 9.960200
11.700000 9.951400
11.800000 9.962400
11.900000 9.940400
12.000000 9.965800
12.100000 9.955100
12.200000 9.946200
12.300000 9.934200
12.400000 9.979700
12.500000 9.924000
12.600000 9.964300
12.700000 9.960400
12.800000 9.931100
12.900000 9.955500
13.000000 9.975600
13.100000 9.931400
13.200000 9.934700
13.300000 9.941100
13.400000 9.927400
13.500000 9.957200
13.600000 9.941300
13.700000 9.962000
13.800000 9.922600
13.900000 9.956500
14.000000 9.932800
14.100000 9.942800
14.200000 9.933600
14.300000 9.927900
14.400000 9.923800
14.500000 9.958200
14.600000 9.923100
14.700000 9.930400
14.800000 9.937900
14.900000 9.928000
15.000000 9.909200
15.100000 9.916800
15.200000 9.955500
15.300000 9.936300
15.400000 9.925600
15.500000 9.952100
15.600000 9.898800
15.700000 9.917900
15.800000 9.919200
15.900000 9.898800
16.000000 9.926300
16.100000 9.882200
16.200000 9.920100
16.300000 9.944200
16.400000 9.913500
16.500000 9.911300
16.600000 9.929400
16.700000 9.874300
16.800000 9.934700
16.900000 9.945000
17.000000 9.910200
17.100000 9.886900
17.200000 9.929000
17.300000 9.882300
17.400000 9.873900
17.500000 9.913100
17.600000 9.918200
17.700000 9.886800
17.800000 9.896700
17.900000 9.908000
18.000000 9.938000
18.100000 9.866200
18.200000 9.941000
18.300000 9.898500
18.400000 9.911400
18.500000 9.903400
18.600000 9.933300
18.700000 9.863600
18.800000 9.902300
18.900000 9.893400
19.000000 9.863000
19.100000 9.906800
19.200000 9.865900
19.300000 9.905100
19.400000 9.879700
19.500000 9.868600
19.600000 9.835800
19.700000 9.857500
19.800000 9.885900
19.900000 9.883600
20.000000 9.901200
20.100000 9.861900
20.200000 9.878400
20.300000 9.877300
20.400000 9.903800
20.500000 9.852500
20.600000 9.911800
20.700000 9.844600
20.800000 9.854200
20.900000 9.883900
21.000000 9.833600
21.100000 9.824400
21.200000 9.843600
21.300000 9.859400
21.400000 9.865800
21.500000 9.873500
21.600000 9.843200
21.700000 9.887300
21.800000 9.855500
21.900000 9.878500
22.000000 9.878200
22.100000 9.877900
22.200000 9.861100
22.300000 9.857000
22.400000 9.859800
22.500000 9.814800
22.600000 9.869500
22.700000 9.807400
22.800000 9.843800
22.900000 9.829200
23.000000 9.835900
23.100000 9.809700
23.200000 9.844000
23.300000 9.843400
23.400000 9.864800
23.500000 9.864000
23.600000 9.870900
23.700000 9.843400
23.800000 9.879500
23.900000 9.851200
24.000000 9.835600
24.100000 9.876700
24.200000 9.861100
24.300000 9.823600
24.400000 9.842900
24.500000 9.820100
24.600000 9.833100
24.700000 9.846200
24.800000 9.853600
24.900000 9.788500
25.000000 9.817600
25.100000 9.814300
25.200000 9.824300
25.300000 9.799300
25.400000 9.839500
25.500000 9.815300
25.600000 9.821400
25.700000 9.824100
25.800000 9.800200
25.900000 9.819900
26.000000 9.815100
26.100000 9.837100
26.200000 9.802300
26.300000 9.803100
26.400000 9.805500
26.500000 9.798000
26.600000 9.814000
26.700000 9.825200
26.800000 9.788800
26.900000 9.828600
27.000000 9.803500
27.100000 9.803500
27.200000 9.789200
27.300000 9.814400
27.400000 9.798300
27.500000 9.835100
27.600000 9.783000
27.700000 9.801800
27.800000 9.832900
27.900000 9.793500
28.000000 9.766500
28.100000 9.771500
28.200000 9.793200
28.300000 9.803300
28.400000 9.785000
28.500000 9.753400
28.600000 9.764800
28.700000 9.776500
28.800000 9.824800
28.900000 9.805600
29.000000 9.788700
29.100000 9.758600
29.200000 9.789400
29.300000 9.768100
29.400000 9.801700
29.500000 9.774500
29.600000 9.810200
29.700000 9.765100
29.800000 9.778400
29.900000 9.769300
30.000000 9.733200
30.100000 9.777900
30.200000 9.763300
30.300000 9.779700
30.400000 9.772400
30.500000 9.774700
30.600000 9.746500
30.700000 9.742000
30.800000 9.791600
30.900000 9.746500
31.000000 9.782400
31.100000 9.736800
31.200000 9.782400
31.300000 9.757800
31.400000 9.786000
31.500000 9.763000
31.600000 9.758200
31.700000 9.771700
31.800000 9.738900
31.900000 9.809500
32.000000 9.800400
32.100000 9.758200
32.200000 9.757300
32.300000 9.771500
32.400000 9.788700
32.500000 9.774700
32.600000 9.769100
32.700000 9.719400
32.800000 9.723300
32.900000 9.749800
33.000000 9.749800
33.100000 9.736400
33.200000 9.749500
33.300000 9.730600
33.400000 9.763500
33.500000 9.753600
33.600000 9.699700
33.700000 9.708600
33.800000 9.759600
33.900000 9.774900
34.000000 9.726300
34.100000 9.718200
34.200000 9.719800
34.300000 9.752800
34.400000 9.714500
34.500000 9.708300
34.600000 9.743600
34.700000 9.732400
34.800000 9.712500
34.900000 9.760200
35.000000 9.798400
35.100000 9.764300
35.200000 9.778200
35.300000 9.699900
35.400000 9.767000
35.500000 9.665700
35.600000 9.708200
35.700000 9.732100
35.800000 9.752700
35.900000 9.720300
36.000000 9.687700
36.100000 9.726600
36.200000 9.683800
36.300000 9.683700
36.400000 9.734500
36.500000 9.725800
36.600000 9.672200
36.700000 9.723400
36.800000 9.686800
36.900000 9.682200
37.000000 9.740100
37.100000 9.678700
37.200000 9.740800
37.300000 9.700100
37.400000 9.746100
37.500000 9.715800
37.600000 9.706500
37.700000 9.705100
37.800000 9.741900
37.900000 9.659900
38.000000 9.714900
38.100000 9.673700
38.200000 9.664700
38.300000 9.707600
38.400000 9.757500
38.500000 9.716100
38.600000 9.687100
38.700000 9.705600
38.800000 9.740100
38.900000 9.686100
39.000000 9.693400
39.100000 9.727300
39.200000 9.733600
39.300000 9.690400
39.400000 9.728100
39.500000 9.682800
39.600000 9.678800
39.700000 9.689200
39.800000 9.705800
39.900000 9.669100
40.000000 9.655900
40.100000 9.715600
40.200000 9.666500
40.300000 9.708800
40.400000 9.710000
40.500000 9.674400
40.600000 9.698500
40.700000 9.682700
40.800000 9.702800
40.900000 9.720600
41.000000 9.690300
41.100000 9.663100
41.200000 9.660300
41.300000 9.708400
41.400000 9.701600
41.500000 9.711400
41.600000 9.664800
41.700000 9.681300
41.800000 9.656700
41.900000 9.743600
42.000000 9.688000
42.100000 9.667500
42.200000 9.687800
42.300000 9.665000
42.400000 9.675200
42.500000 9.650900
42.600000 9.708200
42.700000 9.683900
42.800000 9.660000
42.900000 9.681900
43.000000 9.678200
43.100000 9.699700
43.200000 9.694400
43.300000 9.715900
43.400000 9.674500
43.500000 9.663300
43.600000 9.681900
43.700000 9.635300
43.800000 9.679600
43.900000 9.656800
44.000000 9.671300
44.100000 9.674200
44.200000 9.682000
44.300000 9.665200
44.400000 9.660600
44.500000 9.679600
44.600000 9.688500
44.700000 9.702500
44.800000 9.648000
44.900000 9.677600
45.000000 9.674700
45.100000 9.666000
45.200000 9.706500
45.300000 9.696500
45.400000 9.669400
45.500000 9.674600
45.600000 9.655500
45.700000 9.635100
45.800000 9.681700
45.900000 9.640900
46.000000 9.666700
46.100000 9.692800
46.200000 9.680800
46.300000 9.675500
46.400000 9.665300
46.500000 9.687700
46.600000 9.642800
46.700000 9.704900
46.800000 9.661500
46.900000 9.653400
47.000000 9.630700
47.100000 9.621300
47.200000 9.691100
47.300000 9.696100
47.400000 9.718900
47.500000 9.703900
47.600000 9.687300
47.700000 9.674400
47.800000 9.654500
47.900000 9.702700
48.000000 9.610800
48.100000 9.668200
48.200000 9.696400
48.300000 9.642100
48.400000 9.657900
48.500000 9.636500
48.600000 9.638600
48.700000 9.674600
48.800000 9.601100
48.900000 9.638900
49.000000 9.655700
49.100000 9.635500
49.200000 9.676700
49.300000 9.663200
49.400000 9.664400
49.500000 9.598900
49.600000 9.634000
49.700000 9.629400
49.800000 9.617800
49.900000 9.625200
50.000000 9.659000
50.100000 9.704800
50.200000 9.672700
50.300000 9.670500
50.400000 9.658200
50.500000 9.680900
50.600000 9.675600
50.700000 9.679600
50.800000 9.656800
50.900000 9.617100
51.000000 9.676600
51.100000 9.676000
51.200000 9.690700
51.300000 9.577200
51.400000 9.601900
51.500000 9.660900
51.600000 9.647300
51.700000 9.647600
51.800000 9.641500
51.900000 9.653700
52.000000 9.626100
52.100000 9.665500
52.200000 9.673400
52.300000 9.636400
52.400000 9.612500
52.500000 9.652800
52.600000 9.642500
52.700000 9.652500
52.800000 9.618200
52.900000 9.642200
53.000000 9.658600
53.100000 9.630700
53.200000 9.652400
53.300000 9.667800
53.400000 9.622900
53.500000 9.657300
53.600000 9.619300
53.700000 9.646200
53.800000 9.677900
53.900000 9.665800
54.000000 9.632700
54.100000 9.697900
54.200000 9.644900
54.300000 9.662600
54.400000 9.646700
54.500000 9.609300
54.600000 9.636100
54.700000 9.625000
54.800000 9.633600
54.900000 9.613900
55.000000 9.639700
55.100000 9.645500
55.200000 9.635400
55.300000 9.695600
55.400000 9.667800
55.500000 9.626000
55.600000 9.642900
55.700000 9.609000
55.800000 9.666200
55.900000 9.659400
56.000000 9.607900
56.100000 9.638100
56.200000 9.680700
56.300000 9.647600
56.400000 9.651400
56.500000 9.569200
56.600000 9.654000
56.700000 9.655000
56.800000 9.641400
56.900000 9.622400
57.000000 9.630000
57.100000 9.636100
57.200000 9.641300
57.300000 9.660900
57.400000 9.603500
57.500000 9.633800
57.600000 9.661300
57.700000 9.627600
57.800000 9.636000
57.900000 9.681400
58.000000 9.645600
58.100000 9.627800
58.200000 9.702900
58.300000 9.692400
58.400000 9.655600
58.500000 9.643400
58.600000 9.645200
58.700000 9.679200
58.800000 9.659500
58.900000 9.613100
59.000000 9.643900
59.100000 9.607700
59.200000 9.638300
59.300000 9.638100
59.400000 9.652600
59.500000 9.638100
59.600000 9.634700
59.700000 9.640800
59.800000 9.680400
59.900000 9.615000
60.000000 9.661800
60.100000 9.644200
60.200000 9.619700
60.300000 9.630500
60.400000 9.630200
60.500000 9.624500
60.600000 9.645000
60.700000 9.635200
60.800000 9.602800
60.900000 9.632700
61.000000 9.670800
61.100000 9.610400
61.200000 9.644200
61.300000 9.619900
61.400000 9.621000
61.500000 9.613600
61.600000 9.626600
61.700000 9.692400
61.800000 9.623600
61.900000 9.637900
62.000000 9.628600
62.100000 9.649900
62.200000 9.632900
62.300000 9.608700
62.400000 9.604300
62.500000 9.633500
62.600000 9.648100
62.700000 9.624800
62.800000 9.621200
62.900000 9.628300
63.000000 9.610300
63.100000 9.618300
63.200000 9.636000
63.300000 9.653900
63.400000 9.580000
63.500000 9.616100
63.600000 9.691600
63.700000 9.652900
63.800000 9.613700
63.900000 9.604900
64.000000 9.621000
64.100000 9.618000
64.200000 9.624900
64.300000 9.616000
64.400000 9.650900
64.500000 9.585500
64.600000 9.626400
64.700000 9.615000
64.800000 9.668200
64.900000 9.639300
65.000000 9.589300
65.100000 9.641100
65.200000 9.613900
65.300000 9.614900
65.400000 9.632900
65.500000 9.583300
65.600000 9.583000
65.700000 9.641400
65.800000 9.684000
65.900000 9.630400
66.000000 9.640100
66.100000 9.637100
66.200000 9.622700
66.300000 9.661300
66.400000 9.575800
66.500000 9.672700
66.600000 9.606200
66.700000 9.621600
66.800000 9.648800
66.900000 9.610100
67.000000 9.622100
67.100000 9.621500
67.200000 9.608200
67.300000 9.640100
67.400000 9.680500
67.500000 9.627200
67.600000 9.641100
67.700000 9.663400
67.800000 9.610800
67.900000 9.640600
68.000000 9.645500
68.100000 9.647000
68.200000 9.586600
68.300000 9.619100
68.400000 9.638000
68.500000 9.590700
68.600000 9.606500
68.700000 9.653400
68.800000 9.630600
68.900000 9.621000
69.000000 9.659100
69.100000 9.599900
69.200000 9.565800
69.300000 9.675700
69.400000 9.673500
69.500000 9.638900
69.600000 9.618800
69.700000 9.657500
69.800000 9.628300
69.900000 9.626600
70.000000 9.637800
70.100000 9.587300
70.200000 9.655500
70.300000 9.648200
70.400000 9.589700
70.500000 9.634000
70.600000 9.647000
70.700000 9.604000
70.800000 9.636600
70.900000 9.636300
71.000000 9.628000
71.100000 9.628000
71.200000 9.650000
71.300000 9.637400
71.400000 9.629500
71.500000 9.645600
71.600000 9.603100
71.700000 9.670200
71.800000 9.609400
71.900000 9.625700
72.000000 9.661900
72.100000 9.610000
72.200000 9.603400
72.300000 9.619600
72.400000 9.637600
72.500000 9.663100
72.600000 9.632800
72.700000 9.616400
72.800000 9.656500
72.900000 9.584200
73.000000 9.677900
73.100000 9.602400
73.200000 9.572200
73.300000 9.631800
73.400000 9.596500
73.500000 9.644700
73.600000 9.630800
73.700000 9.621300
73.800000 9.579800
73.900000 9.585400
74.000000 9.593700
74.100000 9.593500
74.200000 9.645500
74.300000 9.626900
74.400000 9.623400
74.500000 9.621700
74.600000 9.598000
74.700000 9.657100
74.800000 9.620300
74.900000 9.573400
75.000000 9.611500
75.100000 9.597800
75.200000 9.599300
75.300000 9.658400
75.400000 9.635800
75.500000 9.586800
75.600000 9.629600
75.700000 9.591400
75.800000 9.626100
75.900000 9.616700
76.000000 9.574300
76.100000 9.629000
76.200000 9.591800
76.300000 9.627500
76.400000 9.615500
76.500000 9.620600
76.600000 9.612100
76.700000 9.584600
76.800000 9.652600
76.900000 9.672900
77.000000 9.623300
77.100000 9.612600
77.200000 9.596500
77.300000 9.631900
77.400000 9.582500
77.500000 9.630200
77.600000 9.632400
77.700000 9.637000
77.800000 9.607100
77.900000 9.624000
78.000000 9.613900
78.100000 9.619100
78.200000 9.621700
78.300000 9.652000
78.400000 9.568900
78.500000 9.619100
78.600000 9.624700
78.700000 9.561100
78.800000 9.641300
78.900000 9.621500
79.000000 9.634700
79.100000 9.606600
79.200000 9.577800
79.300000 9.621500
79.400000 9.597800
79.500000 9.620800
79.600000 9.604900
79.700000 9.645100
79.800000 9.612300
79.900000 9.584300
80.000000 9.631800
80.100000 9.619400
80.200000 9.596300
80.300000 9.664100
80.400000 9.600600
80.500000 9.553200
80.600000 9.647000
80.700000 9.597000
80.800000 9.624300
80.900000 9.604600
81.000000 9.585300
81.100000 9.601800
81.200000 9.628000
81.300000 9.630800
81.400000 9.607500
81.500000 9.642200
81.600000 9.606400
81.700000 9.581100
81.800000 9.674400
81.900000 9.678800
82.000000 9.596600
82.100000 9.650400
82.200000 9.673000
82.300000 9.622800
82.400000 9.580000
82.500000 9.633000
82.600000 9.637800
82.700000 9.601700
82.800000 9.596300
82.900000 9.580200
83.000000 9.582400
83.100000 9.656600
83.200000 9.605500
83.300000 9.602200
83.400000 9.622800
83.500000 9.669900
83.600000 9.618100
83.700000 9.623800
83.800000 9.611800
83.900000 9.575500
84.000000 9.604800
84.100000 9.678300
84.200000 9.626000
84.300000 9.601600
84.400000 9.618300
84.500000 9.613100
84.600000 9.618800
84.700000 9.612500
84.800000 9.619300
84.900000 9.631000
85.000000 9.581200
85.100000 9.548800
85.200000 9.621400
85.300000 9.636400
85.400000 9.615100
85.500000 9.573200
85.600000 9.629800
85.700000 9.658300
85.800000 9.647600
85.900000 9.562300
86.000000 9.582100
86.100000 9.610100
86.200000 9.624500
86.300000 9.588200
86.400000 9.577600
86.500000 9.614300
86.600000 9.639100
86.700000 9.610800
86.800000 9.612600
86.900000 9.567400
87.000000 9.611600
87.100000 9.644300
87.200000 9.636400
87.300000 9.583300
87.400000 9.613100
87.500000 9.633500
87.600000 9.599400
87.700000 9.640600
87.800000 9.611700
87.900000 9.568600
88.000000 9.585300
88.100000 9.610300
88.200000 9.609400
88.300000 9.582000
88.400000 9.632000
88.500000 9.578800
88.600000 9.581100
88.700000 9.543900
88.800000 9.620700
88.900000 9.637200
89.000000 9.641000
89.100000 9.626800
89.200000 9.599500
89.300000 9.593800
89.400000 9.612400
89.500000 9.665700
89.600000 9.629000
89.700000 9.643800
89.800000 9.620400
89.900000 9.598100
90.000000 9.608400
90.100000 9.645200
90.200000 9.607800
90.300000 9.564200
90.400000 9.564700
90.500000 9.607200
90.600000 9.598100
90.700000 9.599700
90.800000 9.652000
90.900000 9.600700
91.000000 9.587900
91.100000 9.622300
91.200000 9.635700
91.300000 9.592700
91.400000 9.578000
91.500000 9.616000
91.600000 9.628000
91.700000 9.608800
91.800000 9.669500
91.900000 9.607800
92.000000 9.617100
92.100000 9.621100
92.200000 9.592500
92.300000 9.632400
92.400000 9.621000
92.500000 9.610500
92.600000 9.614900
92.700000 9.617200
92.800000 9.630000
92.900000 9.619700
93.000000 9.600800
93.100000 9.602800
93.200000 9.614800
93.300000 9.623400
93.400000 9.609400
93.500000 9.623100
93.600000 9.612100
93.700000 9.625200
93.800000 9.604400
93.900000 9.611700
94.000000 9.645500
94.100000 9.651900
94.200000 9.645000
94.300000 9.612000
94.400000 9.567300
94.500000 9.675600
94.600000 9.595000
94.700000 9.539900
94.800000 9.598700
94.900000 9.582700
95.000000 9.650500
95.100000 9.642100
95.200000 9.599200
95.300000 9.598000
95.400000 9.639300
95.500000 9.593600
95.600000 9.623700
95.700000 9.590600
95.800000 9.625300
95.900000 9.628000
96.000000 9.631500
96.100000 9.568000
96.200000 9.653100
96.300000 9.613300
96.400000 9.588600
96.500000 9.604300
96.600000 9.625000
96.700000 9.587800
96.800000 9.604300
96.900000 9.622100
97.000000 9.588200
97.100000 9.606600
97.200000 9.584700
97.300000 9.569400
97.400000 9.641000
97.500000 9.621000
97.600000 9.601500
97.700000 9.601200
97.800000 9.608200
97.900000 9.609100
98.000000 9.604100
98.100000 9.612500
98.200000 9.617700
98.300000 9.566600
98.400000 9.645800
98.500000 9.558700
98.600000 9.638100
98.700000 9.618400
98.800000 9.577900
98.900000 9.587700
99.000000 9.643900
99.100000 9.602700
99.200000 9.591700
99.300000 9.603800
99.400000 9.591100
99.500000 9.578600
99.600000 9.626100
99.700000 9.613400
99.800000 9.633600
99.900000 9.599500
100.000000 9.612100
