0.000000 0.000000
0.100000 0.120312
0.200000 0.177160
0.300000 0.214008
0.400000 0.243994
0.500000 0.268618
0.600000 0.296249
0.700000 0.319432
0.800000 0.345393
0.900000 0.365621
1.000000 0.384682
1.100000 0.403508
1.200000 0.419014
1.300000 0.436422
1.400000 0.452538
1.500000 0.470533
1.600000 0.483738
1.700000 0.498736
1.800000 0.513996
1.900000 0.527539
2.000000 0.539191
2.100000 0.554814
2.200000 0.569961
2.300000 0.583087
2.400000 0.595793
2.500000 0.606979
2.600000 0.620142
2.700000 0.633543
2.800000 0.644971
2.900000 0.658003
3.000000 0.668981
3.100000 0.678852
3.200000 0.689433
3.300000 0.700925
3.400000 0.713211
3.500000 0.725875
3.600000 0.733315
3.700000 0.740928
3.800000 0.751078
3.900000 0.760642
4.000000 0.768585
4.100000 0.777601
4.200000 0.789170
4.300000 0.795819
4.400000 0.807053
4.500000 0.815204
4.600000 0.824266
4.700000 0.833195
4.800000 0.842716
4.900000 0.848840
5.000000 0.855298
5.100000 0.863583
5.200000 0.869064
5.300000 0.879038
5.400000 0.889400
5.500000 0.895758
5.600000 0.904578
5.700000 0.911390
5.800000 0.920039
5.900000 0.925883
6.000000 0.931884
6.100000 0.940223
6.200000 0.947484
6.300000 0.952318
6.400000 0.959876
6.500000 0.967871
6.600000 0.975359
6.700000 0.982325
6.800000 0.988439
6.900000 0.995345
7.000000 1.002569
7.100000 1.010933
7.200000 1.018238
7.300000 1.023357
7.400000 1.027172
7.500000 1.032391
7.600000 1.037718
7.700000 1.044036
7.800000 1.050264
7.900000 1.056777
8.000000 1.063471
8.100000 1.070290
8.200000 1.077533
8.300000 1.083974
8.400000 1.088996
8.500000 1.095061
8.600000 1.102593
8.700000 1.109390
8.800000 1.113124
8.900000 1.119321
9.000000 1.125621
9.100000 1.133101
9.200000 1.137189
9.300000 1.143634
9.400000 1.147273
9.500000 1.152898
9.600000 1.157610
9.700000 1.163135
9.800000 1.168414
9.900000 1.175198
10.000000 1.180002
10.100000 1.185848
10.200000 1.191889
10.300000 1.196867
10.400000 1.200639
10.500000 1.206290
10.600000 1.211049
10.700000 1.216058
10.800000 1.221782
10.900000 1.226972
11.000000 1.230844
11.100000 1.237453
11.200000 1.243318
11.300000 1.245231
11.400000 1.250338
11.500000 1.254259
11.600000 1.260210
11.700000 1.266469
11.800000 1.272578
11.900000 1.278893
12.000000 1.282712
12.100000 1.286742
12.200000 1.291293
12.300000 1.294896
12.400000 1.299498
12.500000 1.304726
12.600000 1.306800
12.700000 1.310866
12.800000 1.313446
12.900000 1.318844
13.000000 1.322894
13.100000 1.327178
13.200000 1.330919
13.300000 1.334085
13.400000 1.340564
13.500000 1.343010
13.600000 1.346891
13.700000 1.349923
13.800000 1.358106
13.900000 1.363589
14.000000 1.367727
14.100000 1.373014
14.200000 1.378515
14.300000 1.385050
14.400000 1.388531
14.500000 1.390683
14.600000 1.396070
14.700000 1.399864
14.800000 1.403969
14.900000 1.409304
15.000000 1.411462
15.100000 1.414833
15.200000 1.418359
15.300000 1.421629
15.400000 1.426094
15.500000 1.427735
15.600000 1.431570
15.700000 1.434977
15.800000 1.440375
15.900000 1.443031
16.000000 1.448037
16.100000 1.451735
16.200000 1.453589
16.300000 1.458266
16.400000 1.463199
16.500000 1.467743
16.600000 1.472195
16.700000 1.476936
16.800000 1.479536
16.900000 1.486445
17.000000 1.488272
17.100000 1.491564
17.200000 1.495071
17.300000 1.499199
17.400000 1.503189
17.500000 1.508068
17.600000 1.509486
17.700000 1.513890
17.800000 1.516760
17.900000 1.521480
18.000000 1.525057
18.100000 1.529889
18.200000 1.532794
18.300000 1.534886
18.400000 1.538541
18.500000 1.540686
18.600000 1.545287
18.700000 1.550606
18.800000 1.552548
18.900000 1.556422
19.000000 1.560453
19.100000 1.563808
19.200000 1.567689
19.300000 1.571434
19.400000 1.575619
19.500000 1.576396
19.600000 1.580130
19.700000 1.584223
19.800000 1.588760
19.900000 1.591357
20.000000 1.594783
20.100000 1.596363
20.200000 1.600329
20.300000 1.605298
20.400000 1.608700
20.500000 1.613309
20.600000 1.615496
20.700000 1.618692
20.800000 1.622351
20.900000 1.626743
21.000000 1.629206
21.100000 1.632521
21.200000 1.637357
21.300000 1.641796
21.400000 1.647057
21.500000 1.650086
21.600000 1.653340
21.700000 1.656700
21.800000 1.661666
21.900000 1.663860
22.000000 1.668172
22.100000 1.671478
22.200000 1.674181
22.300000 1.675613
22.400000 1.678664
22.500000 1.682631
22.600000 1.686747
22.700000 1.690053
22.800000 1.691947
22.900000 1.692792
23.000000 1.696758
23.100000 1.699157
23.200000 1.700358
23.300000 1.701688
23.400000 1.705871
23.500000 1.709689
23.600000 1.711402
23.700000 1.714615
23.800000 1.716984
23.900000 1.720122
24.000000 1.724832
24.100000 1.728444
24.200000 1.731529
24.300000 1.734588
24.400000 1.738245
24.500000 1.741884
24.600000 1.745531
24.700000 1.747244
24.800000 1.751212
24.900000 1.753204
25.000000 1.756418
25.100000 1.758805
25.200000 1.761885
25.300000 1.764593
25.400000 1.768063
25.500000 1.770465
25.600000 1.773956
25.700000 1.776423
25.800000 1.778796
25.900000 1.780653
26.000000 1.784025
26.100000 1.787972
26.200000 1.789594
26.300000 1.794126
26.400000 1.799241
26.500000 1.804802
26.600000 1.808542
26.700000 1.810645
26.800000 1.815081
26.900000 1.815244
27.000000 1.817148
27.100000 1.820372
27.200000 1.822417
27.300000 1.826351
27.400000 1.826820
27.500000 1.828628
27.600000 1.831009
27.700000 1.833746
27.800000 1.834650
27.900000 1.837272
28.000000 1.836215
28.100000 1.838208
28.200000 1.840303
28.300000 1.841975
28.400000 1.846332
28.500000 1.848802
28.600000 1.853477
28.700000 1.853139
28.800000 1.854202
28.900000 1.857348
29.000000 1.859477
29.100000 1.862847
29.200000 1.865270
29.300000 1.869950
29.400000 1.874863
29.500000 1.878323
29.600000 1.880252
29.700000 1.882691
29.800000 1.884687
29.900000 1.886913
30.000000 1.889328
30.100000 1.892285
30.200000 1.894435
30.300000 1.896293
30.400000 1.897485
30.500000 1.901311
30.600000 1.903832
30.700000 1.903970
30.800000 1.905666
30.900000 1.906799
31.000000 1.911818
31.100000 1.914101
31.200000 1.915578
31.300000 1.914784
31.400000 1.915156
31.500000 1.918353
31.600000 1.920816
31.700000 1.924228
31.800000 1.925805
31.900000 1.929736
32.000000 1.934508
32.100000 1.938676
32.200000 1.942703
32.300000 1.943659
32.400000 1.944890
32.500000 1.945598
32.600000 1.947508
32.700000 1.949078
32.800000 1.951205
32.900000 1.952308
33.000000 1.954885
33.100000 1.956586
33.200000 1.960696
33.300000 1.964608
33.400000 1.966475
33.500000 1.968168
33.600000 1.972939
33.700000 1.974769
33.800000 1.977436
33.900000 1.979405
34.000000 1.983739
34.100000 1.986230
34.200000 1.989243
34.300000 1.988989
34.400000 1.989795
34.500000 1.994526
34.600000 1.996179
34.700000 1.998929
34.800000 1.999591
34.900000 2.000777
35.000000 2.001264
35.100000 2.005855
35.200000 2.008582
35.300000 2.008965
35.400000 2.011571
35.500000 2.013602
35.600000 2.016871
35.700000 2.018915
35.800000 2.021432
35.900000 2.024316
36.000000 2.025795
36.100000 2.026863
36.200000 2.028490
36.300000 2.029675
36.400000 2.030674
36.500000 2.033049
36.600000 2.034752
36.700000 2.037711
36.800000 2.039055
36.900000 2.040051
37.000000 2.041849
37.100000 2.043964
37.200000 2.044643
37.300000 2.049089
37.400000 2.050624
37.500000 2.052654
37.600000 2.054334
37.700000 2.055758
37.800000 2.055449
37.900000 2.056204
38.000000 2.059385
38.100000 2.064359
38.200000 2.066943
38.300000 2.070207
38.400000 2.071313
38.500000 2.072647
38.600000 2.075260
38.700000 2.075226
38.800000 2.077112
38.900000 2.078772
39.000000 2.080260
39.100000 2.081033
39.200000 2.083248
39.300000 2.084790
39.400000 2.086989
39.500000 2.089581
39.600000 2.089606
39.700000 2.089926
39.800000 2.089392
39.900000 2.089388
40.000000 2.091371
40.100000 2.092017
40.200000 2.092601
40.300000 2.094287
40.400000 2.094635
40.500000 2.098282
40.600000 2.100272
40.700000 2.101205
40.800000 2.101385
40.900000 2.103791
41.000000 2.105536
41.100000 2.110578
41.200000 2.110187
41.300000 2.113030
41.400000 2.113389
41.500000 2.116106
41.600000 2.118181
41.700000 2.121704
41.800000 2.121895
41.900000 2.124001
42.000000 2.126188
42.100000 2.127076
42.200000 2.129918
42.300000 2.132157
42.400000 2.132658
42.500000 2.135206
42.600000 2.135828
42.700000 2.138003
42.800000 2.140059
42.900000 2.140792
43.000000 2.142624
43.100000 2.145053
43.200000 2.146674
43.300000 2.149656
43.400000 2.151817
43.500000 2.154772
43.600000 2.157940
43.700000 2.158040
43.800000 2.161470
43.900000 2.162973
44.000000 2.165146
44.100000 2.168049
44.200000 2.169744
44.300000 2.170652
44.400000 2.171964
44.500000 2.173109
44.600000 2.175089
44.700000 2.175257
44.800000 2.175963
44.900000 2.174395
45.000000 2.175911
45.100000 2.176009
45.200000 2.177748
45.300000 2.180129
45.400000 2.181080
45.500000 2.182791
45.600000 2.184076
45.700000 2.185758
45.800000 2.188598
45.900000 2.190747
46.000000 2.190562
46.100000 2.193444
46.200000 2.195278
46.300000 2.197848
46.400000 2.201154
46.500000 2.203059
46.600000 2.206109
46.700000 2.207365
46.800000 2.209218
46.900000 2.210721
47.000000 2.210306
47.100000 2.211498
47.200000 2.213241
47.300000 2.213965
47.400000 2.214934
47.500000 2.216182
47.600000 2.217365
47.700000 2.218067
47.800000 2.219887
47.900000 2.221947
48.000000 2.222259
48.100000 2.222843
48.200000 2.225557
48.300000 2.226764
48.400000 2.228491
48.500000 2.229992
48.600000 2.232200
48.700000 2.232407
48.800000 2.235374
48.900000 2.237888
49.000000 2.237475
49.100000 2.239233
49.200000 2.241372
49.300000 2.241469
49.400000 2.242061
49.500000 2.244904
49.600000 2.245145
49.700000 2.245654
49.800000 2.249071
49.900000 2.252661
50.000000 2.254978
50.100000 2.256803
50.200000 2.260136
50.300000 2.263608
50.400000 2.264814
50.500000 2.265740
50.600000 2.266463
50.700000 2.269608
50.800000 2.271240
50.900000 2.271237
51.000000 2.273886
51.100000 2.275419
51.200000 2.275525
51.300000 2.277048
51.400000 2.279989
51.500000 2.281491
51.600000 2.282372
51.700000 2.284893
51.800000 2.286278
51.900000 2.286075
52.000000 2.284655
52.100000 2.285271
52.200000 2.283775
52.300000 2.284973
52.400000 2.287008
52.500000 2.289418
52.600000 2.290944
52.700000 2.291987
52.800000 2.291700
52.900000 2.293834
53.000000 2.291700
53.100000 2.294419
53.200000 2.296444
53.300000 2.297179
53.400000 2.297292
53.500000 2.299651
53.600000 2.300832
53.700000 2.301041
53.800000 2.299811
53.900000 2.300931
54.000000 2.300603
54.100000 2.301471
54.200000 2.303515
54.300000 2.304894
54.400000 2.307478
54.500000 2.311950
54.600000 2.312532
54.700000 2.314319
54.800000 2.315107
54.900000 2.315645
55.000000 2.316276
55.100000 2.316452
55.200000 2.317435
55.300000 2.319994
55.400000 2.323812
55.500000 2.324735
55.600000 2.325411
55.700000 2.326523
55.800000 2.326544
55.900000 2.328516
56.000000 2.330877
56.100000 2.336550
56.200000 2.336699
56.300000 2.337823
56.400000 2.338985
56.500000 2.340601
56.600000 2.343270
56.700000 2.344563
56.800000 2.344855
56.900000 2.346216
57.000000 2.347168
57.100000 2.348497
57.200000 2.349085
57.300000 2.350448
57.400000 2.353666
57.500000 2.355888
57.600000 2.358001
57.700000 2.361481
57.800000 2.360219
57.900000 2.359354
58.000000 2.362258
58.100000 2.365911
58.200000 2.366251
58.300000 2.366844
58.400000 2.368153
58.500000 2.368147
58.600000 2.371632
58.700000 2.375350
58.800000 2.378716
58.900000 2.378341
59.000000 2.378250
59.100000 2.380140
59.200000 2.382804
59.300000 2.383221
59.400000 2.385478
59.500000 2.387435
59.600000 2.388642
59.700000 2.391220
59.800000 2.391448
59.900000 2.391662
60.000000 2.395851
60.100000 2.397506
60.200000 2.396901
60.300000 2.395191
60.400000 2.395015
60.500000 2.396216
60.600000 2.396480
60.700000 2.396564
60.800000 2.399869
60.900000 2.401005
61.000000 2.402446
61.100000 2.403889
61.200000 2.404906
61.300000 2.407180
61.400000 2.408331
61.500000 2.409074
61.600000 2.413271
61.700000 2.416248
61.800000 2.417086
61.900000 2.418281
62.000000 2.421825
62.100000 2.423886
62.200000 2.425164
62.300000 2.428053
62.400000 2.431857
62.500000 2.432495
62.600000 2.435360
62.700000 2.436444
62.800000 2.437634
62.900000 2.438832
63.000000 2.440326
63.100000 2.439668
63.200000 2.440447
63.300000 2.442027
63.400000 2.444142
63.500000 2.446983
63.600000 2.446585
63.700000 2.447504
63.800000 2.447064
63.900000 2.450211
64.000000 2.450047
64.100000 2.449375
64.200000 2.449536
64.300000 2.449514
64.400000 2.450679
64.500000 2.451975
64.600000 2.453609
64.700000 2.454806
64.800000 2.455348
64.900000 2.456065
65.000000 2.460187
65.100000 2.460022
65.200000 2.463587
65.300000 2.465300
65.400000 2.467329
65.500000 2.469133
65.600000 2.472007
65.700000 2.475219
65.800000 2.476864
65.900000 2.479401
66.000000 2.482105
66.100000 2.483288
66.200000 2.482941
66.300000 2.483982
66.400000 2.485370
66.500000 2.488828
66.600000 2.491042
66.700000 2.488958
66.800000 2.491280
66.900000 2.491284
67.000000 2.496106
67.100000 2.497882
67.200000 2.497099
67.300000 2.497846
67.400000 2.499064
67.500000 2.500922
67.600000 2.501418
67.700000 2.503719
67.800000 2.504496
67.900000 2.508332
68.000000 2.511963
68.100000 2.511313
68.200000 2.511786
68.300000 2.512022
68.400000 2.513572
68.500000 2.514790
68.600000 2.516765
68.700000 2.516056
68.800000 2.516433
68.900000 2.518392
69.000000 2.516680
69.100000 2.518456
69.200000 2.519696
69.300000 2.521200
69.400000 2.523615
69.500000 2.525752
69.600000 2.526114
69.700000 2.527186
69.800000 2.528408
69.900000 2.527564
70.000000 2.529257
70.100000 2.528811
70.200000 2.530099
70.300000 2.530325
70.400000 2.531385
70.500000 2.533893
70.600000 2.533313
70.700000 2.535010
70.800000 2.534398
70.900000 2.536583
71.000000 2.538060
71.100000 2.540325
71.200000 2.541946
71.300000 2.542854
71.400000 2.542960
71.500000 2.543829
71.600000 2.544002
71.700000 2.546236
71.800000 2.546557
71.900000 2.546321
72.000000 2.547490
72.100000 2.549056
72.200000 2.551799
72.300000 2.552847
72.400000 2.552112
72.500000 2.553838
72.600000 2.553679
72.700000 2.555919
72.800000 2.556833
72.900000 2.557787
73.000000 2.557815
73.100000 2.557230
73.200000 2.560107
73.300000 2.561548
73.400000 2.561260
73.500000 2.563380
73.600000 2.565742
73.700000 2.564535
73.800000 2.564707
73.900000 2.566744
74.000000 2.566357
74.100000 2.568085
74.200000 2.570820
74.300000 2.571420
74.400000 2.573996
74.500000 2.576056
74.600000 2.576743
74.700000 2.575721
74.800000 2.577662
74.900000 2.578702
75.000000 2.578944
75.100000 2.579763
75.200000 2.580802
75.300000 2.582067
75.400000 2.580626
75.500000 2.580084
75.600000 2.580631
75.700000 2.581949
75.800000 2.583541
75.900000 2.584095
76.000000 2.582527
76.100000 2.583572
76.200000 2.583677
76.300000 2.583822
76.400000 2.587122
76.500000 2.588564
76.600000 2.587122
76.700000 2.586784
76.800000 2.586076
76.900000 2.587217
77.000000 2.590898
77.100000 2.592719
77.200000 2.594042
77.300000 2.596447
77.400000 2.597737
77.500000 2.595848
77.600000 2.595413
77.700000 2.596015
77.800000 2.598908
77.900000 2.599739
78.000000 2.603124
78.100000 2.603754
78.200000 2.605011
78.300000 2.607788
78.400000 2.608177
78.500000 2.607815
78.600000 2.609672
78.700000 2.608371
78.800000 2.607436
78.900000 2.605510
79.000000 2.603840
79.100000 2.605041
79.200000 2.606322
79.300000 2.608392
79.400000 2.608507
79.500000 2.608940
79.600000 2.608215
79.700000 2.608961
79.800000 2.610046
79.900000 2.609696
80.000000 2.609287
80.100000 2.610374
80.200000 2.610305
80.300000 2.612278
80.400000 2.611621
80.500000 2.611923
80.600000 2.612338
80.700000 2.614198
80.800000 2.616149
80.900000 2.614537
81.000000 2.615801
81.100000 2.616256
81.200000 2.618163
81.300000 2.618010
81.400000 2.618754
81.500000 2.621935
81.600000 2.625916
81.700000 2.627533
81.800000 2.626194
81.900000 2.626924
82.000000 2.629318
82.100000 2.630501
82.200000 2.630097
82.300000 2.632819
82.400000 2.634908
82.500000 2.633722
82.600000 2.635144
82.700000 2.634062
82.800000 2.636152
82.900000 2.636043
83.000000 2.638362
83.100000 2.639299
83.200000 2.637167
83.300000 2.637480
83.400000 2.636522
83.500000 2.636953
83.600000 2.637970
83.700000 2.638883
83.800000 2.640427
83.900000 2.642406
84.000000 2.643448
84.100000 2.645298
84.200000 2.646958
84.300000 2.649516
84.400000 2.649671
84.500000 2.651352
84.600000 2.652561
84.700000 2.654134
84.800000 2.653975
84.900000 2.654711
85.000000 2.654500
85.100000 2.653856
85.200000 2.653647
85.300000 2.651948
85.400000 2.654216
85.500000 2.655808
85.600000 2.656569
85.700000 2.659286
85.800000 2.660862
85.900000 2.659032
86.000000 2.659279
86.100000 2.661262
86.200000 2.661428
86.300000 2.665474
86.400000 2.665622
86.500000 2.667326
86.600000 2.667463
86.700000 2.667981
86.800000 2.667916
86.900000 2.668389
87.000000 2.670466
87.100000 2.671291
87.200000 2.672768
87.300000 2.672184
87.400000 2.675454
87.500000 2.677545
87.600000 2.679856
87.700000 2.680310
87.800000 2.680559
87.900000 2.679122
88.000000 2.680036
88.100000 2.681202
88.200000 2.680666
88.300000 2.683197
88.400000 2.682583
88.500000 2.685381
88.600000 2.687066
88.700000 2.689912
88.800000 2.691446
88.900000 2.693314
89.000000 2.694697
89.100000 2.697241
89.200000 2.697097
89.300000 2.699679
89.400000 2.702105
89.500000 2.704821
89.600000 2.705501
89.700000 2.706182
89.800000 2.709017
89.900000 2.708246
90.000000 2.710337
90.100000 2.712083
90.200000 2.712865
90.300000 2.711500
90.400000 2.714810
90.500000 2.714842
90.600000 2.716075
90.700000 2.718318
90.800000 2.718912
90.900000 2.720528
91.000000 2.719398
91.100000 2.719476
91.200000 2.720230
91.300000 2.721141
91.400000 2.719340
91.500000 2.718997
91.600000 2.719494
91.700000 2.722016
91.800000 2.721876
91.900000 2.721718
92.000000 2.720818
92.100000 2.721694
92.200000 2.721048
92.300000 2.722115
92.400000 2.720123
92.500000 2.720789
92.600000 2.721336
92.700000 2.722598
92.800000 2.723331
92.900000 2.725899
93.000000 2.724204
93.100000 2.724655
93.200000 2.724466
93.300000 2.725572
93.400000 2.726345
93.500000 2.726450
93.600000 2.730349
93.700000 2.732303
93.800000 2.732114
93.900000 2.734674
94.000000 2.734757
94.100000 2.734752
94.200000 2.738178
94.300000 2.738084
94.400000 2.738176
94.500000 2.739689
94.600000 2.739563
94.700000 2.741573
94.800000 2.742473
94.900000 2.744886
95.000000 2.745783
95.100000 2.745051
95.200000 2.746160
95.300000 2.747015
95.400000 2.748208
95.500000 2.750971
95.600000 2.750143
95.700000 2.749879
95.800000 2.753261
95.900000 2.754043
96.000000 2.751793
96.100000 2.752585
96.200000 2.753593
96.300000 2.756393
96.400000 2.758069
96.500000 2.760420
96.600000 2.762104
96.700000 2.761686
96.800000 2.761885
96.900000 2.763187
97.000000 2.765028
97.100000 2.765728
97.200000 2.767201
97.300000 2.768426
97.400000 2.769020
97.500000 2.768300
97.600000 2.768079
97.700000 2.770275
97.800000 2.771991
97.900000 2.772254
98.000000 2.773463
98.100000 2.775504
98.200000 2.776872
98.300000 2.778030
98.400000 2.777107
98.500000 2.780508
98.600000 2.781758
98.700000 2.780496
98.800000 2.783637
98.900000 2.783925
99.000000 2.785050
99.100000 2.785840
99.200000 2.781940
99.300000 2.782277
99.400000 2.782729
99.500000 2.784174
99.600000 2.784459
99.700000 2.783853
99.800000 2.785665
99.900000 2.785201
100.000000 2.787102


0.000000 0.000000
0.100000 0.104331
0.200000 0.164601
0.300000 0.223585
0.400000 0.290854
0.500000 0.395080
0.600000 0.349490
0.700000 0.467550
0.800000 0.504743
0.900000 0.427559
1.000000 0.463609
1.100000 0.465880
1.200000 0.627129
1.300000 0.615628
1.400000 0.531764
1.500000 0.594576
1.600000 0.540476
1.700000 0.649377
1.800000 0.617187
1.900000 0.642558
2.000000 0.675407
2.100000 0.749004
2.200000 0.713467
2.300000 0.669008
2.400000 0.714303
2.500000 0.713516
2.600000 0.747647
2.700000 0.787142
2.800000 0.870618
2.900000 0.859162
3.000000 0.813811
3.100000 0.822426
3.200000 0.867384
3.300000 0.953244
3.400000 0.910430
3.500000 0.814829
3.600000 0.909991
3.700000 0.967940
3.800000 0.901343
3.900000 0.995881
4.000000 0.988527
4.100000 1.011737
4.200000 1.066399
4.300000 0.924710
4.400000 1.056960
4.500000 1.043498
4.600000 1.108897
4.700000 1.139379
4.800000 0.998194
4.900000 1.068633
5.000000 1.065507
5.100000 1.043006
5.200000 1.066907
5.300000 1.108070
5.400000 1.110128
5.500000 1.050676
5.600000 1.182293
5.700000 1.136226
5.800000 1.123828
5.900000 1.099205
6.000000 1.079057
6.100000 1.214696
6.200000 1.139461
6.300000 1.310290
6.400000 1.219820
6.500000 1.270586
6.600000 1.236016
6.700000 1.293770
6.800000 1.203059
6.900000 1.218436
7.000000 1.339208
7.100000 1.224276
7.200000 1.311575
7.300000 1.286549
7.400000 1.326088
7.500000 1.213749
7.600000 1.259393
7.700000 1.309906
7.800000 1.258801
7.900000 1.368269
8.000000 1.353906
8.100000 1.402030
8.200000 1.341404
8.300000 1.325380
8.400000 1.296079
8.500000 1.392320
8.600000 1.362520
8.700000 1.355340
8.800000 1.368009
8.900000 1.424976
9.000000 1.361030
9.100000 1.383539
9.200000 1.356601
9.300000 1.433513
9.400000 1.382340
9.500000 1.445713
9.600000 1.402843
9.700000 1.485081
9.800000 1.506763
9.900000 1.451670
10.000000 1.445777
10.100000 1.389670
10.200000 1.382191
10.300000 1.408765
10.400000 1.473342
10.500000 1.374710
10.600000 1.474220
10.700000 1.451254
10.800000 1.558993
10.900000 1.544865
11.000000 1.482544
11.100000 1.566243
11.200000 1.480977
11.300000 1.491766
11.400000 1.568409
11.500000 1.470547
11.600000 1.478317
11.700000 1.489536
11.800000 1.455093
11.900000 1.495025
12.000000 1.444478
12.100000 1.468941
12.200000 1.461251
12.300000 1.531112
12.400000 1.585877
12.500000 1.556806
12.600000 1.472786
12.700000 1.514310
12.800000 1.533527
12.900000 1.536463
13.000000 1.562034
13.100000 1.507946
13.200000 1.533406
13.300000 1.591253
13.400000 1.586118
13.500000 1.659826
13.600000 1.603284
13.700000 1.581659
13.800000 1.650117
13.900000 1.632962
14.000000 1.605336
14.100000 1.554661
14.200000 1.558390
14.300000 1.584768
14.400000 1.639647
14.500000 1.629295
14.600000 1.609570
14.700000 1.614537
14.800000 1.641250
14.900000 1.580008
15.000000 1.678194
15.100000 1.595729
15.200000 1.556809
15.300000 1.649793
15.400000 1.675278
15.500000 1.670035
15.600000 1.664938
15.700000 1.603128
15.800000 1.575437
15.900000 1.674319
16.000000 1.647799
16.100000 1.686307
16.200000 1.688857
16.300000 1.625623
16.400000 1.671087
16.500000 1.716349
16.600000 1.689715
16.700000 1.672619
16.800000 1.652046
16.900000 1.624855
17.000000 1.666814
17.100000 1.673982
17.200000 1.656233
17.300000 1.728696
17.400000 1.754342
17.500000 1.684815
17.600000 1.696126
17.700000 1.650796
17.800000 1.706770
17.900000 1.705251
18.000000 1.809917
18.100000 1.679385
18.200000 1.734088
18.300000 1.721704
18.400000 1.726890
18.500000 1.667883
18.600000 1.784528
18.700000 1.732604
18.800000 1.759708
18.900000 1.760182
19.000000 1.739306
19.100000 1.698870
19.200000 1.785319
19.300000 1.735863
19.400000 1.711200
19.500000 1.772122
19.600000 1.830591
19.700000 1.766496
19.800000 1.877039
19.900000 1.782616
20.000000 1.824544
20.100000 1.760457
20.200000 1.807365
20.300000 1.785500
20.400000 1.766430
20.500000 1.748577
20.600000 1.851243
20.700000 1.774752
20.800000 1.868983
20.900000 1.821180
21.000000 1.809313
21.100000 1.831867
21.200000 1.794923
21.300000 1.773981
21.400000 1.792451
21.500000 1.809680
21.600000 1.874302
21.700000 1.862863
21.800000 1.869395
21.900000 1.859854
22.000000 1.809815
22.100000 1.805404
22.200000 1.871594
22.300000 1.816763
22.400000 1.820987
22.500000 1.878721
22.600000 1.873269
22.700000 1.880198
22.800000 1.850669
22.900000 1.837174
23.000000 1.853870
23.100000 1.932592
23.200000 1.831546
23.300000 1.848955
23.400000 1.904353
23.500000 1.884570
23.600000 1.921324
23.700000 1.930134
23.800000 1.875367
23.900000 1.870704
24.000000 1.854879
24.100000 1.890666
24.200000 1.905195
24.300000 1.926689
24.400000 1.893420
24.500000 1.910929
24.600000 1.841875
24.700000 1.932621
24.800000 2.001443
24.900000 1.937645
25.000000 1.941210
25.100000 1.897639
25.200000 1.926935
25.300000 1.857949
25.400000 1.952309
25.500000 1.932586
25.600000 1.881052
25.700000 1.941142
25.800000 1.903225
25.900000 1.979063
26.000000 1.948177
26.100000 1.915751
26.200000 1.929495
26.300000 1.980545
26.400000 1.965148
26.500000 1.950346
26.600000 1.972631
26.700000 1.990688
26.800000 1.887871
26.900000 2.006816
27.000000 1.949316
27.100000 1.888119
27.200000 1.882175
27.300000 2.034678
27.400000 1.986536
27.500000 1.998187
27.600000 1.985628
27.700000 1.970326
27.800000 2.029162
27.900000 1.956212
28.000000 1.982717
28.100000 1.951971
28.200000 1.976933
28.300000 2.030626
28.400000 1.982343
28.500000 1.914741
28.600000 1.999469
28.700000 2.006235
28.800000 2.027680
28.900000 2.010140
29.000000 1.960119
29.100000 2.100939
29.200000 2.043866
29.300000 2.075507
29.400000 2.000715
29.500000 2.070953
29.600000 2.075201
29.700000 2.040621
29.800000 2.049465
29.900000 2.072598
30.000000 2.022133
30.100000 2.072714
30.200000 2.066931
30.300000 2.017237
30.400000 2.097138
30.500000 2.022615
30.600000 2.055900
30.700000 2.083246
30.800000 1.960224
30.900000 2.052678
31.000000 2.061907
31.100000 2.039468
31.200000 2.053086
31.300000 2.096204
31.400000 2.007962
31.500000 2.055548
31.600000 2.038138
31.700000 2.072430
31.800000 2.090623
31.900000 2.067189
32.000000 2.040698
32.100000 2.000391
32.200000 2.145325
32.300000 2.071086
32.400000 2.053189
32.500000 2.042047
32.600000 2.123399
32.700000 2.107934
32.800000 2.042436
32.900000 2.058526
33.000000 2.048534
33.100000 2.065214
33.200000 2.127034
33.300000 2.067749
33.400000 2.085071
33.500000 2.071169
33.600000 2.107767
33.700000 2.047833
33.800000 2.101586
33.900000 2.079698
34.000000 2.229982
34.100000 2.108548
34.200000 2.044003
34.300000 2.128323
34.400000 2.105871
34.500000 2.193356
34.600000 2.114971
34.700000 2.114924
34.800000 2.120891
34.900000 2.108870
35.000000 2.172472
35.100000 2.227368
35.200000 2.146083
35.300000 2.072899
35.400000 2.173590
35.500000 2.152034
35.600000 2.154901
35.700000 2.120389
35.800000 2.190952
35.900000 2.075809
36.000000 2.102706
36.100000 2.196355
36.200000 2.119533
36.300000 2.183216
36.400000 2.098295
36.500000 2.199376
36.600000 2.145756
36.700000 2.208422
36.800000 2.154493
36.900000 2.121617
37.000000 2.061009
37.100000 2.155185
37.200000 2.090885
37.300000 2.180600
37.400000 2.165641
37.500000 2.236966
37.600000 2.151619
37.700000 2.181511
37.800000 2.158741
37.900000 2.150631
38.000000 2.168161
38.100000 2.196572
38.200000 2.106405
38.300000 2.156507
38.400000 2.171145
38.500000 2.184699
38.600000 2.141192
38.700000 2.151929
38.800000 2.224770
38.900000 2.190265
39.000000 2.145931
39.100000 2.157988
39.200000 2.187557
39.300000 2.192685
39.400000 2.169262
39.500000 2.180452
39.600000 2.167972
39.700000 2.188888
39.800000 2.196713
39.900000 2.238486
40.000000 2.218718
40.100000 2.171306
40.200000 2.178657
40.300000 2.149683
40.400000 2.175937
40.500000 2.214236
40.600000 2.217352
40.700000 2.206067
40.800000 2.218822
40.900000 2.242449
41.000000 2.220893
41.100000 2.151978
41.200000 2.217620
41.300000 2.224729
41.400000 2.214816
41.500000 2.209016
41.600000 2.216241
41.700000 2.201664
41.800000 2.219697
41.900000 2.209886
42.000000 2.232877
42.100000 2.267436
42.200000 2.266551
42.300000 2.205749
42.400000 2.284024
42.500000 2.217845
42.600000 2.208195
42.700000 2.304409
42.800000 2.197502
42.900000 2.220095
43.000000 2.209118
43.100000 2.223698
43.200000 2.286662
43.300000 2.243313
43.400000 2.197830
43.500000 2.198535
43.600000 2.251527
43.700000 2.299254
43.800000 2.260666
43.900000 2.278306
44.000000 2.255314
44.100000 2.224379
44.200000 2.248709
44.300000 2.319702
44.400000 2.290811
44.500000 2.245143
44.600000 2.268046
44.700000 2.206746
44.800000 2.197240
44.900000 2.213357
45.000000 2.209406
45.100000 2.237076
45.200000 2.267376
45.300000 2.195419
45.400000 2.245857
45.500000 2.241799
45.600000 2.305616
45.700000 2.280779
45.800000 2.253881
45.900000 2.253695
46.000000 2.237842
46.100000 2.332332
46.200000 2.244125
46.300000 2.282866
46.400000 2.252391
46.500000 2.284164
46.600000 2.232993
46.700000 2.239615
46.800000 2.252667
46.900000 2.304936
47.000000 2.309380
47.100000 2.305111
47.200000 2.281891
47.300000 2.306349
47.400000 2.261702
47.500000 2.246237
47.600000 2.297762
47.700000 2.284967
47.800000 2.294131
47.900000 2.293283
48.000000 2.253597
48.100000 2.319131
48.200000 2.322488
48.300000 2.277257
48.400000 2.277951
48.500000 2.259910
48.600000 2.321511
48.700000 2.301128
48.800000 2.292760
48.900000 2.288208
49.000000 2.281509
49.100000 2.226231
49.200000 2.288127
49.300000 2.303714
49.400000 2.301052
49.500000 2.342094
49.600000 2.368043
49.700000 2.351124
49.800000 2.312427
49.900000 2.306022
50.000000 2.281130
50.100000 2.245355
50.200000 2.317413
50.300000 2.347703
50.400000 2.315186
50.500000 2.332453
50.600000 2.317446
50.700000 2.240262
50.800000 2.337254
50.900000 2.316812
51.000000 2.289213
51.100000 2.391071
51.200000 2.312256
51.300000 2.343737
51.400000 2.387524
51.500000 2.282632
51.600000 2.316464
51.700000 2.296301
51.800000 2.315156
51.900000 2.317549
52.000000 2.343959
52.100000 2.354639
52.200000 2.274380
52.300000 2.315697
52.400000 2.304590
52.500000 2.311195
52.600000 2.282702
52.700000 2.342450
52.800000 2.346527
52.900000 2.358770
53.000000 2.372667
53.100000 2.285452
53.200000 2.361110
53.300000 2.297783
53.400000 2.290114
53.500000 2.330310
53.600000 2.301771
53.700000 2.288107
53.800000 2.309812
53.900000 2.364860
54.000000 2.375167
54.100000 2.419004
54.200000 2.380922
54.300000 2.336753
54.400000 2.300045
54.500000 2.332994
54.600000 2.304159
54.700000 2.371716
54.800000 2.349171
54.900000 2.345526
55.000000 2.348970
55.100000 2.273328
55.200000 2.311644
55.300000 2.362757
55.400000 2.302757
55.500000 2.379788
55.600000 2.303876
55.700000 2.370061
55.800000 2.332922
55.900000 2.323033
56.000000 2.381723
56.100000 2.317295
56.200000 2.410953
56.300000 2.455843
56.400000 2.341897
56.500000 2.376577
56.600000 2.340242
56.700000 2.342692
56.800000 2.319478
56.900000 2.381057
57.000000 2.365188
57.100000 2.341481
57.200000 2.372036
57.300000 2.309309
57.400000 2.278821
57.500000 2.389349
57.600000 2.331392
57.700000 2.313586
57.800000 2.322804
57.900000 2.349305
58.000000 2.353604
58.100000 2.361328
58.200000 2.417977
58.300000 2.332019
58.400000 2.357368
58.500000 2.332118
58.600000 2.367270
58.700000 2.336820
58.800000 2.332899
58.900000 2.323563
59.000000 2.357906
59.100000 2.305628
59.200000 2.371214
59.300000 2.333469
59.400000 2.325933
59.500000 2.362296
59.600000 2.343840
59.700000 2.442418
59.800000 2.333489
59.900000 2.418357
60.000000 2.324148
60.100000 2.397830
60.200000 2.432051
60.300000 2.311751
60.400000 2.339137
60.500000 2.355283
60.600000 2.352061
60.700000 2.405814
60.800000 2.314640
60.900000 2.405833
61.000000 2.378591
61.100000 2.337050
61.200000 2.388821
61.300000 2.408493
61.400000 2.366313
61.500000 2.335311
61.600000 2.380092
61.700000 2.374686
61.800000 2.365383
61.900000 2.372389
62.000000 2.362726
62.100000 2.388701
62.200000 2.348127
62.300000 2.387128
62.400000 2.396479
62.500000 2.362654
62.600000 2.379569
62.700000 2.430773
62.800000 2.348584
62.900000 2.412345
63.000000 2.374149
63.100000 2.331288
63.200000 2.346359
63.300000 2.356103
63.400000 2.370955
63.500000 2.362750
63.600000 2.375467
63.700000 2.353991
63.800000 2.332974
63.900000 2.455597
64.000000 2.385813
64.100000 2.428316
64.200000 2.390460
64.300000 2.396334
64.400000 2.406459
64.500000 2.417698
64.600000 2.406960
64.700000 2.440028
64.800000 2.423688
64.900000 2.408714
65.000000 2.371573
65.100000 2.382696
65.200000 2.399665
65.300000 2.374877
65.400000 2.412421
65.500000 2.408251
65.600000 2.422382
65.700000 2.436359
65.800000 2.411540
65.900000 2.396030
66.000000 2.438125
66.100000 2.449291
66.200000 2.390071
66.300000 2.393077
66.400000 2.435442
66.500000 2.382616
66.600000 2.411481
66.700000 2.413442
66.800000 2.393324
66.900000 2.408016
67.000000 2.387852
67.100000 2.377223
67.200000 2.370069
67.300000 2.417803
67.400000 2.420796
67.500000 2.353131
67.600000 2.388223
67.700000 2.388215
67.800000 2.375904
67.900000 2.379757
68.000000 2.428290
68.100000 2.375260
68.200000 2.440544
68.300000 2.441692
68.400000 2.435360
68.500000 2.460395
68.600000 2.394922
68.700000 2.472826
68.800000 2.416132
68.900000 2.406892
69.000000 2.442431
69.100000 2.425668
69.200000 2.417053
69.300000 2.370389
69.400000 2.381397
69.500000 2.421560
69.600000 2.361388
69.700000 2.417471
69.800000 2.427000
69.900000 2.482497
70.000000 2.392316
70.100000 2.470184
70.200000 2.354725
70.300000 2.435990
70.400000 2.437983
70.500000 2.372501
70.600000 2.385362
70.700000 2.394391
70.800000 2.385609
70.900000 2.443137
71.000000 2.424154
71.100000 2.485478
71.200000 2.406714
71.300000 2.393849
71.400000 2.472751
71.500000 2.416914
71.600000 2.409600
71.700000 2.433903
71.800000 2.457992
71.900000 2.463890
72.000000 2.390431
72.100000 2.397801
72.200000 2.401864
72.300000 2.421855
72.400000 2.356986
72.500000 2.390308
72.600000 2.411476
72.700000 2.403188
72.800000 2.413360
72.900000 2.446614
73.000000 2.457785
73.100000 2.428382
73.200000 2.413822
73.300000 2.425034
73.400000 2.405554
73.500000 2.419984
73.600000 2.435975
73.700000 2.469844
73.800000 2.471516
73.900000 2.393834
74.000000 2.414684
74.100000 2.480916
74.200000 2.424079
74.300000 2.399197
74.400000 2.469026
74.500000 2.416805
74.600000 2.401267
74.700000 2.429556
74.800000 2.401542
74.900000 2.409318
75.000000 2.470404
75.100000 2.423772
75.200000 2.401565
75.300000 2.385492
75.400000 2.457927
75.500000 2.483095
75.600000 2.463216
75.700000 2.433068
75.800000 2.452697
75.900000 2.426376
76.000000 2.417226
76.100000 2.476501
76.200000 2.443511
76.300000 2.444500
76.400000 2.417127
76.500000 2.376126
76.600000 2.444301
76.700000 2.408313
76.800000 2.440271
76.900000 2.390789
77.000000 2.409970
77.100000 2.410267
77.200000 2.416134
77.300000 2.425851
77.400000 2.434639
77.500000 2.430331
77.600000 2.430861
77.700000 2.438161
77.800000 2.463822
77.900000 2.470339
78.000000 2.423048
78.100000 2.480560
78.200000 2.424187
78.300000 2.392710
78.400000 2.409704
78.500000 2.482962
78.600000 2.459285
78.700000 2.439576
78.800000 2.411424
78.900000 2.479625
79.000000 2.421650
79.100000 2.380875
79.200000 2.414491
79.300000 2.465584
79.400000 2.409639
79.500000 2.472012
79.600000 2.484328
79.700000 2.466296
79.800000 2.462046
79.900000 2.423212
80.000000 2.432305
80.100000 2.453684
80.200000 2.474125
80.300000 2.392058
80.400000 2.388384
80.500000 2.467101
80.600000 2.474409
80.700000 2.454270
80.800000 2.448159
80.900000 2.434151
81.000000 2.405125
81.100000 2.435022
81.200000 2.366515
81.300000 2.428073
81.400000 2.456454
81.500000 2.460079
81.600000 2.389636
81.700000 2.420886
81.800000 2.442065
81.900000 2.457263
82.000000 2.433006
82.100000 2.409105
82.200000 2.444662
82.300000 2.460535
82.400000 2.462026
82.500000 2.421227
82.600000 2.421843
82.700000 2.401208
82.800000 2.499330
82.900000 2.518279
83.000000 2.430583
83.100000 2.471467
83.200000 2.481846
83.300000 2.494460
83.400000 2.482750
83.500000 2.449145
83.600000 2.427494
83.700000 2.437447
83.800000 2.418801
83.900000 2.437249
84.000000 2.419375
84.100000 2.474849
84.200000 2.448699
84.300000 2.468088
84.400000 2.447567
84.500000 2.438653
84.600000 2.486929
84.700000 2.454490
84.800000 2.460754
84.900000 2.464852
85.000000 2.518478
85.100000 2.501276
85.200000 2.469550
85.300000 2.438322
85.400000 2.417370
85.500000 2.433429
85.600000 2.386942
85.700000 2.416593
85.800000 2.483671
85.900000 2.423956
86.000000 2.450795
86.100000 2.448290
86.200000 2.457038
86.300000 2.465924
86.400000 2.483564
86.500000 2.497456
86.600000 2.415985
86.700000 2.439769
86.800000 2.504832
86.900000 2.457474
87.000000 2.501643
87.100000 2.447652
87.200000 2.477750
87.300000 2.504576
87.400000 2.456208
87.500000 2.438308
87.600000 2.509644
87.700000 2.428642
87.800000 2.401199
87.900000 2.492670
88.000000 2.444539
88.100000 2.443607
88.200000 2.461076
88.300000 2.427948
88.400000 2.497771
88.500000 2.364105
88.600000 2.470819
88.700000 2.503942
88.800000 2.448326
88.900000 2.466660
89.000000 2.489203
89.100000 2.456125
89.200000 2.516059
89.300000 2.472799
89.400000 2.468522
89.500000 2.404530
89.600000 2.498813
89.700000 2.482765
89.800000 2.462986
89.900000 2.462652
90.000000 2.496690
90.100000 2.515253
90.200000 2.460587
90.300000 2.532024
90.400000 2.469745
90.500000 2.499324
90.600000 2.434164
90.700000 2.460820
90.800000 2.465099
90.900000 2.503277
91.000000 2.481521
91.100000 2.508187
91.200000 2.559810
91.300000 2.434980
91.400000 2.424270
91.500000 2.444443
91.600000 2.450914
91.700000 2.453637
91.800000 2.440635
91.900000 2.460357
92.000000 2.490470
92.100000 2.480619
92.200000 2.439297
92.300000 2.474688
92.400000 2.491043
92.500000 2.509462
92.600000 2.536732
92.700000 2.513151
92.800000 2.448681
92.900000 2.503773
93.000000 2.479460
93.100000 2.479889
93.200000 2.441776
93.300000 2.484006
93.400000 2.432665
93.500000 2.452726
93.600000 2.514211
93.700000 2.514486
93.800000 2.495527
93.900000 2.412672
94.000000 2.490689
94.100000 2.505589
94.200000 2.476453
94.300000 2.487237
94.400000 2.421720
94.500000 2.503121
94.600000 2.498443
94.700000 2.467386
94.800000 2.461328
94.900000 2.453986
95.000000 2.510858
95.100000 2.483733
95.200000 2.485064
95.300000 2.489194
95.400000 2.468389
95.500000 2.469076
95.600000 2.486784
95.700000 2.473439
95.800000 2.465685
95.900000 2.490056
96.000000 2.502024
96.100000 2.444134
96.200000 2.449371
96.300000 2.460938
96.400000 2.433200
96.500000 2.451264
96.600000 2.508294
96.700000 2.495404
96.800000 2.498904
96.900000 2.441537
97.000000 2.500529
97.100000 2.467615
97.200000 2.497741
97.300000 2.464138
97.400000 2.435315
97.500000 2.427267
97.600000 2.463635
97.700000 2.502236
97.800000 2.440580
97.900000 2.432208
98.000000 2.453032
98.100000 2.440321
98.200000 2.397804
98.300000 2.429194
98.400000 2.476434
98.500000 2.488311
98.600000 2.487638
98.700000 2.494053
98.800000 2.464515
98.900000 2.429753
99.000000 2.444857
99.100000 2.483728
99.200000 2.496032
99.300000 2.449510
99.400000 2.396932
99.500000 2.435203
99.600000 2.590327
99.700000 2.458260
99.800000 2.508073
99.900000 2.463203
100.000000 2.493355
