0.000000 0.994291
10.000000 0.994245
20.000000 0.994383
30.000000 0.994435
40.000000 0.994326
50.000000 0.994297
60.000000 0.994267
70.000000 0.994244
80.000000 0.994231
90.000000 0.994402
100.000000 0.994163
110.000000 0.994611
120.000000 0.994456
130.000000 0.994271
140.000000 0.994241
150.000000 0.994457
160.000000 0.994225
170.000000 0.994491
180.000000 0.994362
190.000000 0.994305
200.000000 0.994252
210.000000 0.994541
220.000000 0.994375
230.000000 0.994275
240.000000 0.994293
250.000000 0.994341
260.000000 0.994348
270.000000 0.994438
280.000000 0.994123
290.000000 0.994382
300.000000 0.994452
310.000000 0.994368
320.000000 0.994361
330.000000 0.994241
340.000000 0.994281
350.000000 0.994390
360.000000 0.994351
370.000000 0.994297
380.000000 0.994196
390.000000 0.994333
400.000000 0.994283
410.000000 0.994333
420.000000 0.994270
430.000000 0.994413
440.000000 0.994295
450.000000 0.994289
460.000000 0.994106
470.000000 0.994467
480.000000 0.994473
490.000000 0.994295
500.000000 0.994457
510.000000 0.994389
520.000000 0.994217
530.000000 0.994305
540.000000 0.994172
550.000000 0.994265
560.000000 0.994314
570.000000 0.994231
580.000000 0.994498
590.000000 0.994253
600.000000 0.994259
610.000000 0.994378
620.000000 0.994333
630.000000 0.994200
640.000000 0.994282
650.000000 0.994327
660.000000 0.994328
670.000000 0.994333
680.000000 0.994268
690.000000 0.994198
700.000000 0.994349
710.000000 0.994362
720.000000 0.994440
730.000000 0.994312
740.000000 0.994239
750.000000 0.994309
760.000000 0.994534
770.000000 0.994244
780.000000 0.994308
790.000000 0.994428
800.000000 0.994233
810.000000 0.994196
820.000000 0.994477
830.000000 0.994236
840.000000 0.994342
850.000000 0.994245
860.000000 0.994347
870.000000 0.994415
880.000000 0.994306
890.000000 0.994369
900.000000 0.994285
910.000000 0.994283
920.000000 0.994344
930.000000 0.994230
940.000000 0.994384
950.000000 0.994111
960.000000 0.994437
970.000000 0.994313
980.000000 0.994187
990.000000 0.994375
1000.000000 0.994271
1010.000000 0.994286
1020.000000 0.994368
1030.000000 0.994402
1040.000000 0.994328
1050.000000 0.994232
1060.000000 0.994154
1070.000000 0.994331
1080.000000 0.994100
1090.000000 0.994210
1100.000000 0.994151
1110.000000 0.994400
1120.000000 0.994374
1130.000000 0.994300
1140.000000 0.994293
1150.000000 0.994244
1160.000000 0.994414
1170.000000 0.994454
1180.000000 0.994311
1190.000000 0.994338
1200.000000 0.994305
1210.000000 0.994457
1220.000000 0.994314
1230.000000 0.994393
1240.000000 0.994331
1250.000000 0.994304
1260.000000 0.994444
1270.000000 0.994231
1280.000000 0.994181
1290.000000 0.994384
1300.000000 0.994298
1310.000000 0.994318
1320.000000 0.994161
1330.000000 0.994376
1340.000000 0.994363
1350.000000 0.994544
1360.000000 0.994390
1370.000000 0.994213
1380.000000 0.994294
1390.000000 0.994411
1400.000000 0.994146
1410.000000 0.994247
1420.000000 0.994190
1430.000000 0.994370
1440.000000 0.994496
1450.000000 0.994348
1460.000000 0.994342
1470.000000 0.994211
1480.000000 0.994444
1490.000000 0.994404
1500.000000 0.994189
1510.000000 0.994264
1520.000000 0.994352
1530.000000 0.994184
1540.000000 0.994328
1550.000000 0.994258
1560.000000 0.994361
1570.000000 0.994334
1580.000000 0.994246
1590.000000 0.994346
1600.000000 0.994468
1610.000000 0.994432
1620.000000 0.994326
1630.000000 0.994317
1640.000000 0.994367
1650.000000 0.994499
1660.000000 0.994402
1670.000000 0.994227
1680.000000 0.994314
1690.000000 0.994349
1700.000000 0.994279
1710.000000 0.994372
1720.000000 0.994139
1730.000000 0.994398
1740.000000 0.994446
1750.000000 0.994254
1760.000000 0.994391
1770.000000 0.994489
1780.000000 0.994328
1790.000000 0.994317
1800.000000 0.994379
1810.000000 0.994175
1820.000000 0.994546
1830.000000 0.994247
1840.000000 0.994188
1850.000000 0.994424
1860.000000 0.994353
1870.000000 0.994330
1880.000000 0.994312
1890.000000 0.994292
1900.000000 0.994423
1910.000000 0.994444
1920.000000 0.994216
1930.000000 0.994416
1940.000000 0.994456
1950.000000 0.994360
1960.000000 0.994445
1970.000000 0.994437
1980.000000 0.994370
1990.000000 0.994137
2000.000000 0.994128
2010.000000 0.994335
2020.000000 0.994287
2030.000000 0.994531
2040.000000 0.994523
2050.000000 0.994487
2060.000000 0.994266
2070.000000 0.994349
2080.000000 0.994311
2090.000000 0.994230
2100.000000 0.994286
2110.000000 0.994338
2120.000000 0.994175
2130.000000 0.994389
2140.000000 0.994468
2150.000000 0.994241
2160.000000 0.994199
2170.000000 0.994227
2180.000000 0.994365
2190.000000 0.994224
2200.000000 0.994396
2210.000000 0.994331
2220.000000 0.994379
2230.000000 0.994303
2240.000000 0.994355
2250.000000 0.994394
2260.000000 0.994088
2270.000000 0.994198
2280.000000 0.994503
2290.000000 0.994219
2300.000000 0.994290
2310.000000 0.994347
2320.000000 0.994219
2330.000000 0.994350
2340.000000 0.994456
2350.000000 0.994367
2360.000000 0.994103
2370.000000 0.994302
2380.000000 0.994202
2390.000000 0.994295
2400.000000 0.994328
2410.000000 0.994185
2420.000000 0.994180
2430.000000 0.994419
2440.000000 0.994487
2450.000000 0.994316
2460.000000 0.994137
2470.000000 0.994334
2480.000000 0.994431
2490.000000 0.994362
2500.000000 0.994291
2510.000000 0.994292
2520.000000 0.994143
2530.000000 0.994274
2540.000000 0.994330
2550.000000 0.994345
2560.000000 0.994358
2570.000000 0.994430
2580.000000 0.994331
2590.000000 0.994512
2600.000000 0.994487
2610.000000 0.994360
2620.000000 0.994245
2630.000000 0.994131
2640.000000 0.994134
2650.000000 0.994107
2660.000000 0.994503
2670.000000 0.994284
2680.000000 0.994115
2690.000000 0.994566
2700.000000 0.994415
2710.000000 0.994334
2720.000000 0.994259
2730.000000 0.994275
2740.000000 0.994353
2750.000000 0.994256
2760.000000 0.994243
2770.000000 0.994423
2780.000000 0.994291
2790.000000 0.994441
2800.000000 0.994343
2810.000000 0.994410
2820.000000 0.994159
2830.000000 0.994260
2840.000000 0.994230
2850.000000 0.994375
2860.000000 0.994109
2870.000000 0.994352
2880.000000 0.994451
2890.000000 0.994386
2900.000000 0.994442
2910.000000 0.994242
2920.000000 0.994402
2930.000000 0.994281
2940.000000 0.994289
2950.000000 0.994253
2960.000000 0.994393
2970.000000 0.994363
2980.000000 0.994233
2990.000000 0.994426
3000.000000 0.994398
3010.000000 0.994481
3020.000000 0.994200
3030.000000 0.994162
3040.000000 0.994323
3050.000000 0.994324
3060.000000 0.994359
3070.000000 0.994296
3080.000000 0.994281
3090.000000 0.994452
3100.000000 0.994469
3110.000000 0.994297
3120.000000 0.994326
3130.000000 0.994417
3140.000000 0.994420
3150.000000 0.994466
3160.000000 0.994152
3170.000000 0.994342
3180.000000 0.994312
3190.000000 0.994266
3200.000000 0.994279
3210.000000 0.994283
3220.000000 0.994234
3230.000000 0.994456
3240.000000 0.994298
3250.000000 0.994443
3260.000000 0.994072
3270.000000 0.994391
3280.000000 0.994233
3290.000000 0.994247
3300.000000 0.994487
3310.000000 0.994305
3320.000000 0.994205
3330.000000 0.994494
3340.000000 0.994178
3350.000000 0.994503
3360.000000 0.994393
3370.000000 0.994415
3380.000000 0.994228
3390.000000 0.994351
3400.000000 0.994197
3410.000000 0.994179
3420.000000 0.994244
3430.000000 0.994257
3440.000000 0.994248
3450.000000 0.994427
3460.000000 0.994204
3470.000000 0.994290
3480.000000 0.994210
3490.000000 0.994281
3500.000000 0.994153
3510.000000 0.994389
3520.000000 0.994372
3530.000000 0.994392
3540.000000 0.994476
3550.000000 0.994361
3560.000000 0.994403
3570.000000 0.994449
3580.000000 0.994291
3590.000000 0.994378
3600.000000 0.994346
