0.000000 10.000000
0.100000 9.998600
0.200000 9.997500
0.300000 9.996600
0.400000 9.995300
0.500000 9.990800
0.600000 9.990000
0.700000 9.988100
0.800000 9.988300
0.900000 9.988600
1.000000 9.988700
1.100000 9.987500
1.200000 9.986700
1.300000 9.985000
1.400000 9.984100
1.500000 9.985100
1.600000 9.986600
1.700000 9.987000
1.800000 9.986100
1.900000 9.988900
2.000000 9.988800
2.100000 9.989300
2.200000 9.989900
2.300000 9.988800
2.400000 9.987500
2.500000 9.988800
2.600000 9.987700
2.700000 9.987000
2.800000 9.986400
2.900000 9.983600
3.000000 9.982500
3.100000 9.984600
3.200000 9.985200
3.300000 9.985400
3.400000 9.986300
3.500000 9.983800
3.600000 9.984900
3.700000 9.983700
3.800000 9.984100
3.900000 9.983600
4.000000 9.982300
4.100000 9.981800
4.200000 9.981100
4.300000 9.980100
4.400000 9.980000
4.500000 9.981600
4.600000 9.980300
4.700000 9.978100
4.800000 9.975900
4.900000 9.975900
5.000000 9.974400
5.100000 9.974900
5.200000 9.976600
5.300000 9.977900
5.400000 9.976400
5.500000 9.978000
5.600000 9.979600
5.700000 9.980900
5.800000 9.979700
5.900000 9.982400
6.000000 9.982600
6.100000 9.980600
6.200000 9.979500
6.300000 9.977700
6.400000 9.977100
6.500000 9.976300
6.600000 9.978300
6.700000 9.981600
6.800000 9.983800
6.900000 9.981300
7.000000 9.981900
7.100000 9.982800
7.200000 9.983200
7.300000 9.983000
7.400000 9.985300
7.500000 9.984500
7.600000 9.984700
7.700000 9.985600
7.800000 9.984500
7.900000 9.985200
8.000000 9.986500
8.100000 9.987900
8.200000 9.990200
8.300000 9.993500
8.400000 9.992400
8.500000 9.994300
8.600000 9.994700
8.700000 9.994700
8.800000 9.998100
8.900000 9.996000
9.000000 9.993100
9.100000 9.991300
9.200000 9.989600
9.300000 9.986100
9.400000 9.986800
9.500000 9.988100
9.600000 9.987700
9.700000 9.987700
9.800000 9.985600
9.900000 9.983500
10.000000 9.984200
10.100000 9.983000
10.200000 9.982800
10.300000 9.982100
10.400000 9.982000
10.500000 9.981900
10.600000 9.979400
10.700000 9.978600
10.800000 9.977500
10.900000 9.977900
11.000000 9.978900
11.100000 9.978000
11.200000 9.979600
11.300000 9.980200
11.400000 9.978800
11.500000 9.977900
11.600000 9.981400
11.700000 9.980200
11.800000 9.982900
11.900000 9.984800
12.000000 9.987300
12.100000 9.989200
12.200000 9.987300
12.300000 9.986700
12.400000 9.986600
12.500000 9.985000
12.600000 9.988100
12.700000 9.989700
12.800000 9.989700
12.900000 9.990600
13.000000 9.990600
13.100000 9.989500
13.200000 9.988600
13.300000 9.987400
13.400000 9.986300
13.500000 9.987900
13.600000 9.988200
13.700000 9.986900
13.800000 9.989800
13.900000 9.987400
14.000000 9.986900
14.100000 9.985100
14.200000 9.986500
14.300000 9.985600
14.400000 9.984800
14.500000 9.984600
14.600000 9.983100
14.700000 9.983200
14.800000 9.984600
14.900000 9.988200
15.000000 9.988400
15.100000 9.987400
15.200000 9.988600
15.300000 9.988200
15.400000 9.988300
15.500000 9.990700
15.600000 9.990400
15.700000 9.989400
15.800000 9.988500
15.900000 9.988400
16.000000 9.986800
16.100000 9.986500
16.200000 9.985300
16.300000 9.985100
16.400000 9.984200
16.500000 9.985600
16.600000 9.988400
16.700000 9.989700
16.800000 9.992200
16.900000 9.994200
17.000000 9.994500
17.100000 9.993600
17.200000 9.997000
17.300000 9.999200
17.400000 10.000800
17.500000 10.000000
17.600000 10.000500
17.700000 10.000700
17.800000 10.002400
17.900000 9.999600
18.000000 9.998900
18.100000 9.995900
18.200000 9.995600
18.300000 9.995500
18.400000 9.998700
18.500000 9.998700
18.600000 9.999400
18.700000 9.998900
18.800000 9.998900
18.900000 10.000800
19.000000 10.000100
19.100000 10.001000
19.200000 10.001000
19.300000 10.000300
19.400000 10.000500
19.500000 9.999800
19.600000 9.998600
19.700000 9.998800
19.800000 9.999900
19.900000 9.999700
20.000000 9.999100
20.100000 9.997700
20.200000 10.000000
20.300000 10.001800
20.400000 9.999800
20.500000 10.001800
20.600000 10.000800
20.700000 10.001000
20.800000 10.000900
20.900000 10.001700
21.000000 10.000100
21.100000 10.001100
21.200000 10.001500
21.300000 9.999000
21.400000 9.998300
21.500000 9.997400
21.600000 9.997500
21.700000 9.998700
21.800000 10.001000
21.900000 10.001200
22.000000 9.999900
22.100000 10.000200
22.200000 9.999200
22.300000 9.999200
22.400000 10.000100
22.500000 10.001300
22.600000 10.000100
22.700000 9.998100
22.800000 9.998300
22.900000 9.999700
23.000000 9.998900
23.100000 10.000500
23.200000 9.999500
23.300000 10.000300
23.400000 9.999400
23.500000 9.998300
23.600000 9.998500
23.700000 9.997400
23.800000 9.995700
23.900000 9.996000
24.000000 9.993600
24.100000 9.997300
24.200000 9.995700
24.300000 9.995400
24.400000 9.998300
24.500000 9.998700
24.600000 9.998900
24.700000 9.998300
24.800000 9.996900
24.900000 9.997300
25.000000 9.998900
25.100000 10.000600
25.200000 10.000200
25.300000 9.999000
25.400000 10.002100
25.500000 10.000900
25.600000 10.003300
25.700000 10.003900
25.800000 10.003500
25.900000 10.004300
26.000000 10.006700
26.100000 10.004000
26.200000 10.002800
26.300000 10.004400
26.400000 10.002200
26.500000 10.002600
26.600000 10.003100
26.700000 10.004100
26.800000 10.004700
26.900000 10.005100
27.000000 10.006900
27.100000 10.005900
27.200000 10.004200
27.300000 10.005100
27.400000 10.003100
27.500000 10.002700
27.600000 10.003500
27.700000 10.003400
27.800000 10.006500
27.900000 10.006300
28.000000 10.005300
28.100000 10.006200
28.200000 10.007100
28.300000 10.005800
28.400000 10.006700
28.500000 10.006900
28.600000 10.006300
28.700000 10.008600
28.800000 10.009300
28.900000 10.007200
29.000000 10.007400
29.100000 10.007200
29.200000 10.007600
29.300000 10.005100
29.400000 10.006300
29.500000 10.006800
29.600000 10.007500
29.700000 10.008200
29.800000 10.009600
29.900000 10.008300
30.000000 10.009900
30.100000 10.010000
30.200000 10.012600
30.300000 10.010400
30.400000 10.011600
30.500000 10.011500
30.600000 10.012100
30.700000 10.012500
30.800000 10.012900
30.900000 10.011400
31.000000 10.010300
31.100000 10.011200
31.200000 10.009000
31.300000 10.006500
31.400000 10.004900
31.500000 10.004600
31.600000 10.003900
31.700000 10.003900
31.800000 10.006000
31.900000 10.005900
32.000000 10.005100
32.100000 10.004200
32.200000 10.004700
32.300000 10.001900
32.400000 9.998500
32.500000 9.997200
32.600000 9.994700
32.700000 9.996000
32.800000 9.995300
32.900000 9.998000
33.000000 9.998600
33.100000 9.998700
33.200000 9.996600
33.300000 9.997700
33.400000 9.997500
33.500000 9.996900
33.600000 9.998800
33.700000 9.997400
33.800000 9.997900
33.900000 9.995200
34.000000 9.997800
34.100000 9.999100
34.200000 9.997100
34.300000 9.998700
34.400000 9.998100
34.500000 9.998400
34.600000 10.000700
34.700000 10.002100
34.800000 10.001600
34.900000 10.003800
35.000000 10.003900
35.100000 10.005800
35.200000 10.004400
35.300000 10.004200
35.400000 10.001900
35.500000 10.001700
35.600000 10.001600
35.700000 10.000200
35.800000 10.001000
35.900000 10.000100
36.000000 9.998600
36.100000 9.999200
36.200000 9.997000
36.300000 9.996100
36.400000 9.995200
36.500000 9.995200
36.600000 9.994100
36.700000 9.993700
36.800000 9.993500
36.900000 9.991700
37.000000 9.992400
37.100000 9.991500
37.200000 9.989600
37.300000 9.989800
37.400000 9.990700
37.500000 9.989500
37.600000 9.989300
37.700000 9.989000
37.800000 9.989000
37.900000 9.990800
38.000000 9.990000
38.100000 9.991300
38.200000 9.990200
38.300000 9.991200
38.400000 9.992500
38.500000 9.993400
38.600000 9.991400
38.700000 9.991300
38.800000 9.991800
38.900000 9.989900
39.000000 9.989900
39.100000 9.989700
39.200000 9.989200
39.300000 9.989900
39.400000 9.989800
39.500000 9.987100
39.600000 9.986200
39.700000 9.987100
39.800000 9.989800
39.900000 9.988200
40.000000 9.988100
40.100000 9.989300
40.200000 9.991600
40.300000 9.992800
40.400000 9.992400
40.500000 9.993300
40.600000 9.994300
40.700000 9.995000
40.800000 9.995600
40.900000 9.996000
41.000000 9.996400
41.100000 9.996200
41.200000 9.997700
41.300000 9.995600
41.400000 9.994200
41.500000 9.992300
41.600000 9.994600
41.700000 9.994900
41.800000 9.999700
41.900000 10.003400
42.000000 10.002100
42.100000 10.001800
42.200000 10.003900
42.300000 10.001600
42.400000 9.999700
42.500000 9.998700
42.600000 9.997400
42.700000 9.997500
42.800000 9.996100
42.900000 9.995500
43.000000 9.996700
43.100000 9.995100
43.200000 9.995600
43.300000 9.997000
43.400000 9.997300
43.500000 9.999800
43.600000 9.999500
43.700000 9.997600
43.800000 9.997400
43.900000 9.998300
44.000000 9.996900
44.100000 9.996600
44.200000 9.995900
44.300000 9.994700
44.400000 9.994200
44.500000 9.995200
44.600000 9.995000
44.700000 9.994100
44.800000 9.992700
44.900000 9.995900
45.000000 9.996400
45.100000 9.998400
45.200000 9.997000
45.300000 9.997500
45.400000 9.996300
45.500000 9.994700
45.600000 9.997000
45.700000 9.997400
45.800000 9.998000
45.900000 9.996800
46.000000 9.996600
46.100000 9.997500
46.200000 9.998000
46.300000 9.998400
46.400000 10.001300
46.500000 10.001000
46.600000 10.000600
46.700000 9.998400
46.800000 9.998100
46.900000 9.997500
47.000000 9.997900
47.100000 9.998700
47.200000 9.999600
47.300000 9.998200
47.400000 9.998100
47.500000 9.995600
47.600000 9.995400
47.700000 9.998300
47.800000 9.998500
47.900000 9.998800
48.000000 9.999200
48.100000 9.997500
48.200000 9.997700
48.300000 9.997800
48.400000 9.997700
48.500000 9.998300
48.600000 9.998100
48.700000 9.998700
48.800000 10.001700
48.900000 10.002600
49.000000 10.002700
49.100000 10.001700
49.200000 10.001300
49.300000 9.999700
49.400000 10.000000
49.500000 9.998900
49.600000 9.997200
49.700000 9.996700
49.800000 9.997100
49.900000 9.996400
50.000000 9.995700
50.100000 9.998100
50.200000 9.998100
50.300000 9.998500
50.400000 9.997300
50.500000 9.996500
50.600000 9.998000
50.700000 9.999300
50.800000 9.998800
50.900000 10.000600
51.000000 9.997000
51.100000 9.998500
51.200000 9.998400
51.300000 9.996800
51.400000 9.995600
51.500000 9.993800
51.600000 9.993500
51.700000 9.992400
51.800000 9.993300
51.900000 9.994700
52.000000 9.994800
52.100000 9.996900
52.200000 9.995100
52.300000 9.994700
52.400000 9.995900
52.500000 9.996200
52.600000 9.994400
52.700000 9.994300
52.800000 9.994300
52.900000 9.994700
53.000000 9.995000
53.100000 9.993700
53.200000 9.990800
53.300000 9.990800
53.400000 9.990800
53.500000 9.990600
53.600000 9.991800
53.700000 9.993900
53.800000 9.995800
53.900000 9.996200
54.000000 9.995300
54.100000 9.995300
54.200000 9.995600
54.300000 9.995600
54.400000 9.996600
54.500000 9.996100
54.600000 9.996100
54.700000 9.996000
54.800000 9.996400
54.900000 9.996900
55.000000 9.998300
55.100000 10.000300
55.200000 10.003300
55.300000 10.003500
55.400000 10.003600
55.500000 10.002500
55.600000 10.003900
55.700000 10.004000
55.800000 10.004600
55.900000 10.006700
56.000000 10.007200
56.100000 10.007600
56.200000 10.010600
56.300000 10.012000
56.400000 10.011100
56.500000 10.010500
56.600000 10.012000
56.700000 10.011400
56.800000 10.012800
56.900000 10.009900
57.000000 10.010400
57.100000 10.011800
57.200000 10.012500
57.300000 10.011500
57.400000 10.011700
57.500000 10.012600
57.600000 10.011800
57.700000 10.010000
57.800000 10.008300
57.900000 10.008900
58.000000 10.006500
58.100000 10.007000
58.200000 10.005000
58.300000 10.003100
58.400000 10.001700
58.500000 10.001600
58.600000 10.001800
58.700000 9.999900
58.800000 9.999500
58.900000 9.999500
59.000000 10.001100
59.100000 9.999700
59.200000 10.001000
59.300000 10.002300
59.400000 10.004100
59.500000 10.004600
59.600000 10.004000
59.700000 10.004400
59.800000 10.004600
59.900000 10.002900
60.000000 10.004200
60.100000 10.003800
60.200000 10.002800
60.300000 10.003300
60.400000 10.001600
60.500000 10.001600
60.600000 10.000400
60.700000 9.999400
60.800000 9.998900
60.900000 9.999700
61.000000 9.998100
61.100000 9.997900
61.200000 9.999600
61.300000 9.999100
61.400000 10.000000
61.500000 10.001900
61.600000 10.003100
61.700000 10.001800
61.800000 10.001500
61.900000 10.002200
62.000000 10.002900
62.100000 10.004800
62.200000 10.006400
62.300000 10.004900
62.400000 10.007200
62.500000 10.007500
62.600000 10.008800
62.700000 10.009200
62.800000 10.008400
62.900000 10.005500
63.000000 10.005600
63.100000 10.008100
63.200000 10.008000
63.300000 10.009700
63.400000 10.010300
63.500000 10.011300
63.600000 10.012100
63.700000 10.012400
63.800000 10.011000
63.900000 10.010700
64.000000 10.008800
64.100000 10.008200
64.200000 10.010300
64.300000 10.008300
64.400000 10.007500
64.500000 10.007600
64.600000 10.006900
64.700000 10.005600
64.800000 10.005900
64.900000 10.004200
65.000000 10.003600
65.100000 10.004100
65.200000 10.003000
65.300000 9.999700
65.400000 10.000700
65.500000 10.002000
65.600000 10.000200
65.700000 9.997200
65.800000 9.998100
65.900000 9.996900
66.000000 9.996000
66.100000 9.996100
66.200000 9.996200
66.300000 9.997600
66.400000 9.999100
66.500000 9.998800
66.600000 9.999500
66.700000 9.998900
66.800000 10.000300
66.900000 9.997800
67.000000 9.997300
67.100000 9.996900
67.200000 9.997200
67.300000 9.998700
67.400000 9.997700
67.500000 9.999400
67.600000 10.000300
67.700000 10.000700
67.800000 10.001600
67.900000 10.001500
68.000000 10.002300
68.100000 10.001500
68.200000 10.001200
68.300000 10.000400
68.400000 9.999300
68.500000 10.000200
68.600000 9.999200
68.700000 10.000200
68.800000 9.998800
68.900000 10.000900
69.000000 10.001900
69.100000 10.001000
69.200000 10.003000
69.300000 10.004500
69.400000 10.003300
69.500000 10.006500
69.600000 10.005700
69.700000 10.006000
69.800000 10.005200
69.900000 10.004900
70.000000 10.005400
70.100000 10.004700
70.200000 10.004400
70.300000 10.003400
70.400000 10.004000
70.500000 10.004000
70.600000 10.004700
70.700000 10.005100
70.800000 10.005200
70.900000 10.007700
71.000000 10.004700
71.100000 10.003300
71.200000 10.004200
71.300000 10.002100
71.400000 10.001500
71.500000 10.003300
71.600000 10.003200
71.700000 10.000200
71.800000 9.999000
71.900000 9.996500
72.000000 9.996500
72.100000 9.997500
72.200000 9.996100
72.300000 9.996500
72.400000 9.994300
72.500000 9.995500
72.600000 9.994600
72.700000 9.994700
72.800000 9.994400
72.900000 9.995600
73.000000 9.993700
73.100000 9.996400
73.200000 9.994700
73.300000 9.994700
73.400000 9.994300
73.500000 9.993500
73.600000 9.995700
73.700000 9.998600
73.800000 9.997800
73.900000 9.999900
74.000000 9.999100
74.100000 9.998800
74.200000 9.998900
74.300000 10.000200
74.400000 10.000100
74.500000 10.000600
74.600000 10.001200
74.700000 10.000200
74.800000 10.000500
74.900000 10.000000
75.000000 9.999200
75.100000 10.001400
75.200000 10.003200
75.300000 10.004800
75.400000 10.004100
75.500000 10.002900
75.600000 10.002600
75.700000 10.005300
75.800000 10.003100
75.900000 10.000400
76.000000 10.000200
76.100000 10.000600
76.200000 10.000100
76.300000 9.998400
76.400000 9.998700
76.500000 10.000700
76.600000 9.998000
76.700000 9.996600
76.800000 9.998400
76.900000 9.999700
77.000000 10.000400
77.100000 9.999300
77.200000 9.998000
77.300000 9.998500
77.400000 10.000200
77.500000 10.000100
77.600000 9.999800
77.700000 9.997400
77.800000 10.000300
77.900000 9.999300
78.000000 9.998200
78.100000 9.996200
78.200000 9.997300
78.300000 9.996100
78.400000 9.997700
78.500000 9.998400
78.600000 9.999100
78.700000 9.998700
78.800000 9.998400
78.900000 9.999100
79.000000 10.000700
79.100000 10.001300
79.200000 9.998900
79.300000 9.999800
79.400000 9.997900
79.500000 9.995500
79.600000 9.994700
79.700000 9.995900
79.800000 9.995900
79.900000 9.993600
80.000000 9.992800
80.100000 9.991400
80.200000 9.989600
80.300000 9.989700
80.400000 9.985200
80.500000 9.987300
80.600000 9.986800
80.700000 9.986300
80.800000 9.984900
80.900000 9.985000
81.000000 9.984700
81.100000 9.983000
81.200000 9.983600
81.300000 9.982600
81.400000 9.983000
81.500000 9.986900
81.600000 9.988000
81.700000 9.986400
81.800000 9.987000
81.900000 9.988200
82.000000 9.989800
82.100000 9.990800
82.200000 9.990500
82.300000 9.991900
82.400000 9.990100
82.500000 9.991800
82.600000 9.990700
82.700000 9.992000
82.800000 9.993500
82.900000 9.993300
83.000000 9.991100
83.100000 9.993500
83.200000 9.992300
83.300000 9.988400
83.400000 9.986200
83.500000 9.985800
83.600000 9.987000
83.700000 9.987900
83.800000 9.988000
83.900000 9.990800
84.000000 9.989500
84.100000 9.990500
84.200000 9.990800
84.300000 9.991300
84.400000 9.991800
84.500000 9.991500
84.600000 9.992200
84.700000 9.993000
84.800000 9.993200
84.900000 9.992500
85.000000 9.993100
85.100000 9.992500
85.200000 9.990500
85.300000 9.990300
85.400000 9.990600
85.500000 9.987300
85.600000 9.988300
85.700000 9.987100
85.800000 9.987900
85.900000 9.987900
86.000000 9.987800
86.100000 9.990800
86.200000 9.995600
86.300000 9.993800
86.400000 9.993300
86.500000 9.994600
86.600000 9.994000
86.700000 9.993200
86.800000 9.993500
86.900000 9.991400
87.000000 9.993300
87.100000 9.992200
87.200000 9.994700
87.300000 9.996300
87.400000 9.997400
87.500000 9.996400
87.600000 9.996000
87.700000 9.993600
87.800000 9.992400
87.900000 9.992100
88.000000 9.991700
88.100000 9.992500
88.200000 9.993000
88.300000 9.993000
88.400000 9.992900
88.500000 9.995500
88.600000 9.995100
88.700000 9.995500
88.800000 9.997100
88.900000 9.997200
89.000000 9.998400
89.100000 9.999400
89.200000 9.999900
89.300000 10.002300
89.400000 10.000000
89.500000 9.999500
89.600000 9.999100
89.700000 9.997400
89.800000 9.997700
89.900000 9.997800
90.000000 9.997700
90.100000 9.997100
90.200000 9.995800
90.300000 9.993600
90.400000 9.994000
90.500000 9.993500
90.600000 9.993100
90.700000 9.994500
90.800000 9.993300
90.900000 9.991500
91.000000 9.989900
91.100000 9.991200
91.200000 9.988800
91.300000 9.990000
91.400000 9.992100
91.500000 9.992500
91.600000 9.994100
91.700000 9.992300
91.800000 9.991200
91.900000 9.991100
92.000000 9.989400
92.100000 9.988800
92.200000 9.990300
92.300000 9.989200
92.400000 9.989600
92.500000 9.989000
92.600000 9.990400
92.700000 9.992300
92.800000 9.991600
92.900000 9.990100
93.000000 9.990800
93.100000 9.992100
93.200000 9.992100
93.300000 9.991200
93.400000 9.989900
93.500000 9.989300
93.600000 9.989200
93.700000 9.990500
93.800000 9.990900
93.900000 9.989500
94.000000 9.987700
94.100000 9.986600
94.200000 9.987400
94.300000 9.987100
94.400000 9.986900
94.500000 9.985800
94.600000 9.986500
94.700000 9.985900
94.800000 9.987200
94.900000 9.987600
95.000000 9.986700
95.100000 9.987800
95.200000 9.987800
95.300000 9.987400
95.400000 9.987500
95.500000 9.988600
95.600000 9.989400
95.700000 9.988800
95.800000 9.989100
95.900000 9.993900
96.000000 9.995100
96.100000 9.994100
96.200000 9.994800
96.300000 9.993700
96.400000 9.993900
96.500000 9.995800
96.600000 9.994100
96.700000 9.994000
96.800000 9.993200
96.900000 9.991700
97.000000 9.994700
97.100000 9.993500
97.200000 9.992700
97.300000 9.993700
97.400000 9.995000
97.500000 9.994400
97.600000 9.994000
97.700000 9.994200
97.800000 9.993400
97.900000 9.994200
98.000000 9.995200
98.100000 9.993800
98.200000 9.995100
98.300000 9.994300
98.400000 9.995200
98.500000 9.993600
98.600000 9.992500
98.700000 9.992700
98.800000 9.994900
98.900000 9.994800
99.000000 9.995600
99.100000 9.994900
99.200000 9.994000
99.300000 9.992800
99.400000 9.993100
99.500000 9.993500
99.600000 9.993700
99.700000 9.992300
99.800000 9.991700
99.900000 9.989500
100.000000 9.989400


0.000000 10.000000
0.100000 10.003600
0.200000 10.003900
0.300000 10.000100
0.400000 10.004200
0.500000 10.005400
0.600000 10.004000
0.700000 10.006800
0.800000 10.008400
0.900000 10.008000
1.000000 10.017500
1.100000 10.012900
1.200000 10.013500
1.300000 10.019800
1.400000 10.010400
1.500000 10.004900
1.600000 10.028000
1.700000 10.003200
1.800000 10.018700
1.900000 9.999900
2.000000 10.003400
2.100000 10.023400
2.200000 10.006200
2.300000 10.005200
2.400000 9.996000
2.500000 9.987200
2.600000 9.997400
2.700000 10.017800
2.800000 10.013400
2.900000 10.001000
3.000000 10.019200
3.100000 10.022000
3.200000 10.029400
3.300000 10.027000
3.400000 10.027700
3.500000 10.035400
3.600000 10.016000
3.700000 10.005400
3.800000 9.976000
3.900000 10.013500
4.000000 10.009200
4.100000 10.000900
4.200000 9.990800
4.300000 10.013700
4.400000 9.999400
4.500000 10.007200
4.600000 10.020900
4.700000 10.000000
4.800000 10.023400
4.900000 9.999900
5.000000 10.003200
5.100000 10.034200
5.200000 10.040800
5.300000 10.041000
5.400000 9.982400
5.500000 10.015900
5.600000 10.010000
5.700000 10.007300
5.800000 10.023200
5.900000 9.991400
6.000000 9.981900
6.100000 10.036200
6.200000 10.015000
6.300000 10.004400
6.400000 10.007900
6.500000 10.007200
6.600000 10.009600
6.700000 9.981200
6.800000 10.006800
6.900000 10.019400
7.000000 9.985600
7.100000 9.987100
7.200000 10.021400
7.300000 9.976700
7.400000 10.012000
7.500000 10.026700
7.600000 10.005300
7.700000 10.013700
7.800000 10.006500
7.900000 9.973400
8.000000 9.986500
8.100000 10.019800
8.200000 9.977200
8.300000 10.006200
8.400000 10.022900
8.500000 10.000200
8.600000 9.997100
8.700000 9.996600
8.800000 10.007800
8.900000 10.001600
9.000000 9.993500
9.100000 9.988700
9.200000 9.966200
9.300000 10.007800
9.400000 9.993100
9.500000 9.998300
9.600000 10.018600
9.700000 10.034600
9.800000 9.999700
9.900000 10.003600
10.000000 10.005000
10.100000 9.974400
10.200000 9.982400
10.300000 9.988800
10.400000 9.979400
10.500000 9.982300
10.600000 9.993400
10.700000 9.942200
10.800000 9.977500
10.900000 9.915200
11.000000 9.978100
11.100000 9.992100
11.200000 9.976200
11.300000 9.980400
11.400000 9.961100
11.500000 9.968300
11.600000 9.985800
11.700000 9.963700
11.800000 9.967200
11.900000 9.986900
12.000000 9.984300
12.100000 9.959700
12.200000 9.962100
12.300000 9.980000
12.400000 10.005500
12.500000 9.956300
12.600000 9.967500
12.700000 9.976600
12.800000 9.954700
12.900000 9.978300
13.000000 9.967900
13.100000 9.975300
13.200000 9.984000
13.300000 9.961400
13.400000 9.939200
13.500000 9.929000
13.600000 9.968500
13.700000 9.972700
13.800000 9.966300
13.900000 9.969600
14.000000 9.958800
14.100000 9.988300
14.200000 9.933200
14.300000 9.960000
14.400000 9.974200
14.500000 9.983600
14.600000 9.970500
14.700000 9.969600
14.800000 9.959000
14.900000 9.959300
15.000000 9.982200
15.100000 9.976100
15.200000 9.956800
15.300000 9.954200
15.400000 9.984400
15.500000 9.955300
15.600000 9.911600
15.700000 9.943800
15.800000 9.961900
15.900000 9.989300
16.000000 9.933500
16.100000 9.966400
16.200000 9.943400
16.300000 9.955100
16.400000 9.929400
16.500000 9.909800
16.600000 9.914000
16.700000 9.961000
16.800000 9.928700
16.900000 9.958500
17.000000 9.944600
17.100000 9.936600
17.200000 9.930100
17.300000 9.916900
17.400000 9.926100
17.500000 9.906700
17.600000 9.913900
17.700000 9.907600
17.800000 9.948400
17.900000 9.917400
18.000000 9.922700
18.100000 9.875000
18.200000 9.936800
18.300000 9.957400
18.400000 9.947700
18.500000 9.905600
18.600000 9.939900
18.700000 9.902800
18.800000 9.887600
18.900000 9.901200
19.000000 9.911000
19.100000 9.969900
19.200000 9.917700
19.300000 9.905000
19.400000 9.927500
19.500000 9.932000
19.600000 9.948200
19.700000 9.867400
19.800000 9.872800
19.900000 9.866900
20.000000 9.900600
20.100000 9.926900
20.200000 9.932600
20.300000 9.870900
20.400000 9.918600
20.500000 9.919800
20.600000 9.885900
20.700000 9.874300
20.800000 9.908900
20.900000 9.933200
21.000000 9.906400
21.100000 9.876800
21.200000 9.922100
21.300000 9.910600
21.400000 9.884000
21.500000 9.903300
21.600000 9.893300
21.700000 9.853900
21.800000 9.915000
21.900000 9.887200
22.000000 9.947000
22.100000 9.907300
22.200000 9.865400
22.300000 9.908000
22.400000 9.872400
22.500000 9.888800
22.600000 9.908100
22.700000 9.904800
22.800000 9.894000
22.900000 9.874400
23.000000 9.913600
23.100000 9.874500
23.200000 9.873400
23.300000 9.934400
23.400000 9.882500
23.500000 9.833500
23.600000 9.854100
23.700000 9.843100
23.800000 9.903800
23.900000 9.887200
24.000000 9.883400
24.100000 9.835600
24.200000 9.897800
24.300000 9.869600
24.400000 9.861500
24.500000 9.865800
24.600000 9.877400
24.700000 9.821200
24.800000 9.875600
24.900000 9.878700
25.000000 9.878600
25.100000 9.896900
25.200000 9.850100
25.300000 9.858600
25.400000 9.849600
25.500000 9.820700
25.600000 9.816300
25.700000 9.875100
25.800000 9.814900
25.900000 9.901600
26.000000 9.833100
26.100000 9.834900
26.200000 9.840800
26.300000 9.817600
26.400000 9.866300
26.500000 9.837500
26.600000 9.880200
26.700000 9.830200
26.800000 9.832100
26.900000 9.856000
27.000000 9.862700
27.100000 9.847300
27.200000 9.877100
27.300000 9.853700
27.400000 9.878800
27.500000 9.841300
27.600000 9.828700
27.700000 9.823300
27.800000 9.816500
27.900000 9.818500
28.000000 9.804200
28.100000 9.796100
28.200000 9.844900
28.300000 9.880800
28.400000 9.845000
28.500000 9.850100
28.600000 9.818400
28.700000 9.832800
28.800000 9.830100
28.900000 9.805700
29.000000 9.864800
29.100000 9.822900
29.200000 9.836600
29.300000 9.819100
29.400000 9.850100
29.500000 9.794500
29.600000 9.824100
29.700000 9.800600
29.800000 9.810900
29.900000 9.807700
30.000000 9.780300
30.100000 9.816800
30.200000 9.819800
30.300000 9.845400
30.400000 9.798800
30.500000 9.839700
30.600000 9.812300
30.700000 9.799800
30.800000 9.791000
30.900000 9.801900
31.000000 9.810000
31.100000 9.814100
31.200000 9.817400
31.300000 9.788300
31.400000 9.779600
31.500000 9.831300
31.600000 9.775000
31.700000 9.787000
31.800000 9.813700
31.900000 9.784600
32.000000 9.793400
32.100000 9.760000
32.200000 9.784000
32.300000 9.796900
32.400000 9.841700
32.500000 9.773600
32.600000 9.794700
32.700000 9.784800
32.800000 9.776200
32.900000 9.775900
33.000000 9.767900
33.100000 9.771200
33.200000 9.761900
33.300000 9.804800
33.400000 9.821300
33.500000 9.781600
33.600000 9.793500
33.700000 9.815500
33.800000 9.755800
33.900000 9.783000
34.000000 9.822000
34.100000 9.769500
34.200000 9.763000
34.300000 9.776100
34.400000 9.777500
34.500000 9.785500
34.600000 9.795000
34.700000 9.754700
34.800000 9.755900
34.900000 9.737200
35.000000 9.776200
35.100000 9.787400
35.200000 9.775600
35.300000 9.771600
35.400000 9.768400
35.500000 9.754000
35.600000 9.778800
35.700000 9.772900
35.800000 9.788500
35.900000 9.705400
36.000000 9.711000
36.100000 9.749400
36.200000 9.745200
36.300000 9.744000
36.400000 9.777400
36.500000 9.773100
36.600000 9.743000
36.700000 9.771400
36.800000 9.748100
36.900000 9.725400
37.000000 9.716400
37.100000 9.729900
37.200000 9.725500
37.300000 9.770900
37.400000 9.739900
37.500000 9.740800
37.600000 9.766600
37.700000 9.733900
37.800000 9.750600
37.900000 9.785700
38.000000 9.714500
38.100000 9.742300
38.200000 9.730000
38.300000 9.800000
38.400000 9.721200
38.500000 9.758500
38.600000 9.718400
38.700000 9.781600
38.800000 9.702300
38.900000 9.761400
39.000000 9.738400
39.100000 9.731800
39.200000 9.745200
39.300000 9.736600
39.400000 9.724500
39.500000 9.732200
39.600000 9.688500
39.700000 9.701900
39.800000 9.712200
39.900000 9.686100
40.000000 9.720300
40.100000 9.705000
40.200000 9.718800
40.300000 9.713600
40.400000 9.717800
40.500000 9.721800
40.600000 9.724300
40.700000 9.659400
40.800000 9.714900
40.900000 9.738600
41.000000 9.709200
41.100000 9.719100
41.200000 9.723300
41.300000 9.721300
41.400000 9.672600
41.500000 9.739300
41.600000 9.703600
41.700000 9.724400
41.800000 9.682700
41.900000 9.734300
42.000000 9.744100
42.100000 9.673100
42.200000 9.701800
42.300000 9.698000
42.400000 9.706500
42.500000 9.708000
42.600000 9.733700
42.700000 9.713500
42.800000 9.720700
42.900000 9.711100
43.000000 9.710800
43.100000 9.707200
43.200000 9.663300
43.300000 9.706900
43.400000 9.713300
43.500000 9.651700
43.600000 9.709400
43.700000 9.706500
43.800000 9.692100
43.900000 9.695500
44.000000 9.721800
44.100000 9.690700
44.200000 9.665500
44.300000 9.672000
44.400000 9.649200
44.500000 9.697400
44.600000 9.700600
44.700000 9.664900
44.800000 9.683000
44.900000 9.727300
45.000000 9.709800
45.100000 9.707300
45.200000 9.633700
45.300000 9.689400
45.400000 9.740800
45.500000 9.689100
45.600000 9.702300
45.700000 9.710200
45.800000 9.646700
45.900000 9.729400
46.000000 9.649600
46.100000 9.676400
46.200000 9.722900
46.300000 9.680900
46.400000 9.687100
46.500000 9.675900
46.600000 9.670300
46.700000 9.653000
46.800000 9.666100
46.900000 9.672700
47.000000 9.663400
47.100000 9.654600
47.200000 9.680500
47.300000 9.674600
47.400000 9.670800
47.500000 9.701900
47.600000 9.667100
47.700000 9.669800
47.800000 9.690300
47.900000 9.661500
48.000000 9.694700
48.100000 9.643300
48.200000 9.682200
48.300000 9.677600
48.400000 9.605300
48.500000 9.659600
48.600000 9.725100
48.700000 9.683700
48.800000 9.630500
48.900000 9.686600
49.000000 9.669800
49.100000 9.746500
49.200000 9.667000
49.300000 9.636000
49.400000 9.626300
49.500000 9.682500
49.600000 9.657400
49.700000 9.691300
49.800000 9.654500
49.900000 9.601900
50.000000 9.646700
50.100000 9.641200
50.200000 9.648100
50.300000 9.670100
50.400000 9.656800
50.500000 9.614900
50.600000 9.708100
50.700000 9.630100
50.800000 9.642400
50.900000 9.645400
51.000000 9.621200
51.100000 9.672000
51.200000 9.638600
51.300000 9.621000
51.400000 9.625600
51.500000 9.656800
51.600000 9.677300
51.700000 9.672000
51.800000 9.693800
51.900000 9.681600
52.000000 9.656500
52.100000 9.653500
52.200000 9.685000
52.300000 9.616600
52.400000 9.634400
52.500000 9.618200
52.600000 9.676200
52.700000 9.602500
52.800000 9.632300
52.900000 9.635500
53.000000 9.657800
53.100000 9.635200
53.200000 9.659900
53.300000 9.633900
53.400000 9.677500
53.500000 9.640500
53.600000 9.690500
53.700000 9.598400
53.800000 9.683600
53.900000 9.656300
54.000000 9.627800
54.100000 9.619900
54.200000 9.667300
54.300000 9.613600
54.400000 9.667500
54.500000 9.607300
54.600000 9.651400
54.700000 9.658600
54.800000 9.616400
54.900000 9.581900
55.000000 9.617700
55.100000 9.646200
55.200000 9.621400
55.300000 9.647700
55.400000 9.641700
55.500000 9.680800
55.600000 9.628500
55.700000 9.594100
55.800000 9.678900
55.900000 9.672100
56.000000 9.619000
56.100000 9.694200
56.200000 9.609900
56.300000 9.674700
56.400000 9.635400
56.500000 9.699500
56.600000 9.631500
56.700000 9.666000
56.800000 9.605600
56.900000 9.615900
57.000000 9.631500
57.100000 9.627900
57.200000 9.623300
57.300000 9.616500
57.400000 9.615800
57.500000 9.629100
57.600000 9.642800
57.700000 9.585100
57.800000 9.683400
57.900000 9.614100
58.000000 9.665200
58.100000 9.671400
58.200000 9.615800
58.300000 9.663300
58.400000 9.613100
58.500000 9.650300
58.600000 9.601800
58.700000 9.628100
58.800000 9.660200
58.900000 9.611100
59.000000 9.650100
59.100000 9.642800
59.200000 9.630500
59.300000 9.570100
59.400000 9.650600
59.500000 9.627100
59.600000 9.629200
59.700000 9.609800
59.800000 9.642100
59.900000 9.687800
60.000000 9.611500
60.100000 9.614800
60.200000 9.686800
60.300000 9.619700
60.400000 9.599000
60.500000 9.600100
60.600000 9.627200
60.700000 9.658400
60.800000 9.649800
60.900000 9.618400
61.000000 9.687200
61.100000 9.624800
61.200000 9.576300
61.300000 9.653800
61.400000 9.597900
61.500000 9.627400
61.600000 9.634100
61.700000 9.639000
61.800000 9.633300
61.900000 9.605000
62.000000 9.577500
62.100000 9.624400
62.200000 9.640400
62.300000 9.666700
62.400000 9.589400
62.500000 9.614100
62.600000 9.638800
62.700000 9.622000
62.800000 9.606900
62.900000 9.602400
63.000000 9.577500
63.100000 9.608700
63.200000 9.615700
63.300000 9.632900
63.400000 9.617300
63.500000 9.604400
63.600000 9.657900
63.700000 9.624500
63.800000 9.617300
63.900000 9.619000
64.000000 9.643500
64.100000 9.606800
64.200000 9.646100
64.300000 9.596500
64.400000 9.599800
64.500000 9.570000
64.600000 9.632200
64.700000 9.608000
64.800000 9.616900
64.900000 9.636700
65.000000 9.617300
65.100000 9.628800
65.200000 9.625400
65.300000 9.641200
65.400000 9.623000
65.500000 9.619400
65.600000 9.589500
65.700000 9.606400
65.800000 9.597100
65.900000 9.636900
66.000000 9.627800
66.100000 9.630000
66.200000 9.623600
66.300000 9.630400
66.400000 9.612400
66.500000 9.617900
66.600000 9.628100
66.700000 9.609100
66.800000 9.641200
66.900000 9.602200
67.000000 9.615300
67.100000 9.654100
67.200000 9.617100
67.300000 9.632000
67.400000 9.570400
67.500000 9.631900
67.600000 9.657500
67.700000 9.621000
67.800000 9.646500
67.900000 9.619500
68.000000 9.599800
68.100000 9.619000
68.200000 9.644300
68.300000 9.604200
68.400000 9.628000
68.500000 9.636500
68.600000 9.581200
68.700000 9.624300
68.800000 9.667800
68.900000 9.640300
69.000000 9.601600
69.100000 9.585000
69.200000 9.616700
69.300000 9.563000
69.400000 9.605300
69.500000 9.580200
69.600000 9.534800
69.700000 9.630500
69.800000 9.610700
69.900000 9.614000
70.000000 9.648100
70.100000 9.617700
70.200000 9.583500
70.300000 9.646400
70.400000 9.608600
70.500000 9.625800
70.600000 9.601900
70.700000 9.586000
70.800000 9.658800
70.900000 9.629300
71.000000 9.610900
71.100000 9.586600
71.200000 9.661200
71.300000 9.596100
71.400000 9.592900
71.500000 9.616600
71.600000 9.634900
71.700000 9.591600
71.800000 9.595500
71.900000 9.555700
72.000000 9.603700
72.100000 9.610000
72.200000 9.620400
72.300000 9.639200
72.400000 9.609300
72.500000 9.619800
72.600000 9.584200
72.700000 9.554600
72.800000 9.598500
72.900000 9.633000
73.000000 9.614400
73.100000 9.617800
73.200000 9.590000
73.300000 9.614700
73.400000 9.607600
73.500000 9.593200
73.600000 9.623900
73.700000 9.607500
73.800000 9.585700
73.900000 9.586200
74.000000 9.583200
74.100000 9.620400
74.200000 9.602100
74.300000 9.594600
74.400000 9.638800
74.500000 9.610400
74.600000 9.608800
74.700000 9.574100
74.800000 9.606600
74.900000 9.601000
75.000000 9.618600
75.100000 9.604200
75.200000 9.622300
75.300000 9.567200
75.400000 9.611100
75.500000 9.616400
75.600000 9.578300
75.700000 9.613000
75.800000 9.643100
75.900000 9.633000
76.000000 9.601600
76.100000 9.575800
76.200000 9.600900
76.300000 9.600700
76.400000 9.561200
76.500000 9.586400
76.600000 9.590600
76.700000 9.646000
76.800000 9.635500
76.900000 9.638700
77.000000 9.556500
77.100000 9.580000
77.200000 9.584000
77.300000 9.609900
77.400000 9.611200
77.500000 9.657700
77.600000 9.619300
77.700000 9.557800
77.800000 9.618300
77.900000 9.633700
78.000000 9.595800
78.100000 9.585400
78.200000 9.556200
78.300000 9.615400
78.400000 9.606200
78.500000 9.625800
78.600000 9.602400
78.700000 9.643600
78.800000 9.638200
78.900000 9.592800
79.000000 9.572500
79.100000 9.614700
79.200000 9.589100
79.300000 9.603600
79.400000 9.566400
79.500000 9.629800
79.600000 9.590400
79.700000 9.619500
79.800000 9.543200
79.900000 9.630400
80.000000 9.566200
80.100000 9.548100
80.200000 9.635600
80.300000 9.634100
80.400000 9.571900
80.500000 9.626400
80.600000 9.615100
80.700000 9.603600
80.800000 9.593900
80.900000 9.592300
81.000000 9.632600
81.100000 9.604300
81.200000 9.579100
81.300000 9.574200
81.400000 9.548000
81.500000 9.627400
81.600000 9.613000
81.700000 9.641900
81.800000 9.612900
81.900000 9.561200
82.000000 9.579200
82.100000 9.586600
82.200000 9.568100
82.300000 9.570000
82.400000 9.587500
82.500000 9.626500
82.600000 9.577100
82.700000 9.642800
82.800000 9.579500
82.900000 9.580800
83.000000 9.594900
83.100000 9.582800
83.200000 9.601000
83.300000 9.597800
83.400000 9.549100
83.500000 9.607900
83.600000 9.641300
83.700000 9.567400
83.800000 9.577300
83.900000 9.605500
84.000000 9.598200
84.100000 9.588100
84.200000 9.613600
84.300000 9.591800
84.400000 9.632900
84.500000 9.605000
84.600000 9.622900
84.700000 9.596100
84.800000 9.593600
84.900000 9.608200
85.000000 9.626300
85.100000 9.594700
85.200000 9.588000
85.300000 9.574000
85.400000 9.655400
85.500000 9.572100
85.600000 9.613400
85.700000 9.578500
85.800000 9.661500
85.900000 9.612400
86.000000 9.600100
86.100000 9.610200
86.200000 9.647000
86.300000 9.606000
86.400000 9.585000
86.500000 9.573200
86.600000 9.599000
86.700000 9.585700
86.800000 9.593500
86.900000 9.629400
87.000000 9.568900
87.100000 9.599300
87.200000 9.578400
87.300000 9.622500
87.400000 9.566600
87.500000 9.614900
87.600000 9.562200
87.700000 9.630500
87.800000 9.575200
87.900000 9.567100
88.000000 9.585800
88.100000 9.572300
88.200000 9.525700
88.300000 9.556000
88.400000 9.572000
88.500000 9.647400
88.600000 9.560800
88.700000 9.615200
88.800000 9.556800
88.900000 9.543800
89.000000 9.624200
89.100000 9.606800
89.200000 9.570300
89.300000 9.602600
89.400000 9.603600
89.500000 9.626500
89.600000 9.587600
89.700000 9.641600
89.800000 9.584700
89.900000 9.564800
90.000000 9.613300
90.100000 9.622000
90.200000 9.652000
90.300000 9.612400
90.400000 9.628900
90.500000 9.564700
90.600000 9.607300
90.700000 9.575500
90.800000 9.608300
90.900000 9.616700
91.000000 9.601400
91.100000 9.632400
91.200000 9.585000
91.300000 9.593800
91.400000 9.605300
91.500000 9.582800
91.600000 9.555300
91.700000 9.597600
91.800000 9.610000
91.900000 9.621200
92.000000 9.573200
92.100000 9.596100
92.200000 9.632300
92.300000 9.583900
92.400000 9.626800
92.500000 9.644200
92.600000 9.662200
92.700000 9.594600
92.800000 9.602100
92.900000 9.583900
93.000000 9.598400
93.100000 9.601700
93.200000 9.579800
93.300000 9.637900
93.400000 9.599500
93.500000 9.540700
93.600000 9.596900
93.700000 9.591500
93.800000 9.606500
93.900000 9.556100
94.000000 9.586800
94.100000 9.594400
94.200000 9.522600
94.300000 9.586800
94.400000 9.624600
94.500000 9.604300
94.600000 9.585800
94.700000 9.583600
94.800000 9.512000
94.900000 9.577800
95.000000 9.640900
95.100000 9.601600
95.200000 9.561400
95.300000 9.588100
95.400000 9.631000
95.500000 9.592800
95.600000 9.590100
95.700000 9.638700
95.800000 9.591400
95.900000 9.580100
96.000000 9.620200
96.100000 9.594000
96.200000 9.595200
96.300000 9.625600
96.400000 9.539000
96.500000 9.613800
96.600000 9.593100
96.700000 9.574100
96.800000 9.608600
96.900000 9.633400
97.000000 9.636600
97.100000 9.592900
97.200000 9.581800
97.300000 9.606400
97.400000 9.648100
97.500000 9.531700
97.600000 9.561300
97.700000 9.598000
97.800000 9.606200
97.900000 9.611500
98.000000 9.634900
98.100000 9.586500
98.200000 9.637600
98.300000 9.578100
98.400000 9.616100
98.500000 9.558600
98.600000 9.624800
98.700000 9.573400
98.800000 9.574100
98.900000 9.608300
99.000000 9.634400
99.100000 9.646800
99.200000 9.643300
99.300000 9.627900
99.400000 9.618500
99.500000 9.589200
99.600000 9.604100
99.700000 9.625700
99.800000 9.562000
99.900000 9.569600
100.000000 9.616900
