0.000000 0.613112
0.100000 0.607128
0.200000 0.610026
0.300000 0.607079
0.400000 0.608520
0.500000 0.603421
0.600000 0.603913
0.700000 0.607042
0.800000 0.605591
0.900000 0.608205
1.000000 0.606262
1.100000 0.605919
1.200000 0.612360
1.300000 0.608912
1.400000 0.606041
1.500000 0.609451
1.600000 0.602307
1.700000 0.610495
1.800000 0.609420
1.900000 0.608579
2.000000 0.603423
2.100000 0.612349
2.200000 0.608073
2.300000 0.605321
2.400000 0.609639
2.500000 0.604081
2.600000 0.610410
2.700000 0.616560
2.800000 0.609810
2.900000 0.606833
3.000000 0.609145
3.100000 0.612550
3.200000 0.606458
3.300000 0.610260
3.400000 0.602216
3.500000 0.602532
3.600000 0.603459
3.700000 0.602518
3.800000 0.610397
3.900000 0.604579
4.000000 0.608394
4.100000 0.608168
4.200000 0.607778
4.300000 0.609585
4.400000 0.602342
4.500000 0.605649
4.600000 0.609432
4.700000 0.607023
4.800000 0.608751
4.900000 0.608737
5.000000 0.608433
5.100000 0.611726
5.200000 0.605168
5.300000 0.610732
5.400000 0.609163
5.500000 0.608418
5.600000 0.599510
5.700000 0.614231
5.800000 0.605260
5.900000 0.610758
6.000000 0.607001
6.100000 0.609758
6.200000 0.609656
6.300000 0.606413
6.400000 0.609950
6.500000 0.606524
6.600000 0.609139
6.700000 0.609877
6.800000 0.612526
6.900000 0.610215
7.000000 0.606740
7.100000 0.601305
7.200000 0.605381
7.300000 0.607127
7.400000 0.606591
7.500000 0.606063
7.600000 0.603676
7.700000 0.603274
7.800000 0.611444
7.900000 0.610291
8.000000 0.606689
8.100000 0.604053
8.200000 0.603473
8.300000 0.607804
8.400000 0.610324
8.500000 0.610295
8.600000 0.607356
8.700000 0.604988
8.800000 0.605747
8.900000 0.607323
9.000000 0.606802
9.100000 0.607883
9.200000 0.606199
9.300000 0.606113
9.400000 0.611281
9.500000 0.608390
9.600000 0.606791
9.700000 0.604196
9.800000 0.610581
9.900000 0.609160
10.000000 0.609805
10.100000 0.613778
10.200000 0.604102
10.300000 0.611297
10.400000 0.609580
10.500000 0.611012
10.600000 0.605357
10.700000 0.606288
10.800000 0.606124
10.900000 0.611663
11.000000 0.610156
11.100000 0.610027
11.200000 0.609409
11.300000 0.607553
11.400000 0.611250
11.500000 0.611454
11.600000 0.604465
11.700000 0.610230
11.800000 0.611696
11.900000 0.606708
12.000000 0.608975
12.100000 0.604065
12.200000 0.611781
12.300000 0.609183
12.400000 0.603483
12.500000 0.609217
12.600000 0.607726
12.700000 0.605895
12.800000 0.605171
12.900000 0.603063
13.000000 0.602971
13.100000 0.611100
13.200000 0.607031
13.300000 0.607287
13.400000 0.613382
13.500000 0.603893
13.600000 0.611960
13.700000 0.608853
13.800000 0.611697
13.900000 0.612090
14.000000 0.604926
14.100000 0.608835
14.200000 0.606060
14.300000 0.606665
14.400000 0.609569
14.500000 0.604451
14.600000 0.603491
14.700000 0.604927
14.800000 0.607378
14.900000 0.607198
15.000000 0.611806
15.100000 0.605385
15.200000 0.608756
15.300000 0.605533
15.400000 0.606677
15.500000 0.610954
15.600000 0.609251
15.700000 0.604855
15.800000 0.606357
15.900000 0.608043
16.000000 0.607443
16.100000 0.605584
16.200000 0.607833
16.300000 0.605133
16.400000 0.609571
16.500000 0.606452
16.600000 0.606884
16.700000 0.613821
16.800000 0.603742
16.900000 0.603790
17.000000 0.605988
17.100000 0.603572
17.200000 0.601664
17.300000 0.606067
17.400000 0.607874
17.500000 0.604505
17.600000 0.609824
17.700000 0.604988
17.800000 0.601789
17.900000 0.606582
18.000000 0.607031
18.100000 0.609648
18.200000 0.603614
18.300000 0.606398
18.400000 0.606436
18.500000 0.606720
18.600000 0.600689
18.700000 0.609169
18.800000 0.610235
18.900000 0.607676
19.000000 0.605406
19.100000 0.603064
19.200000 0.605695
19.300000 0.608728
19.400000 0.607050
19.500000 0.610778
19.600000 0.606771
19.700000 0.608248
19.800000 0.604850
19.900000 0.610765
20.000000 0.606987
20.100000 0.604880
20.200000 0.607646
20.300000 0.610329
20.400000 0.612169
20.500000 0.608655
20.600000 0.604783
20.700000 0.606201
20.800000 0.600650
20.900000 0.608543
21.000000 0.600471
21.100000 0.611311
21.200000 0.606172
21.300000 0.606089
21.400000 0.603046
21.500000 0.602286
21.600000 0.610813
21.700000 0.605536
21.800000 0.613020
21.900000 0.607922
22.000000 0.604584
22.100000 0.606991
22.200000 0.611017
22.300000 0.608320
22.400000 0.606446
22.500000 0.606131
22.600000 0.604834
22.700000 0.610129
22.800000 0.610306
22.900000 0.608115
23.000000 0.609286
23.100000 0.610763
23.200000 0.606033
23.300000 0.609314
23.400000 0.608912
23.500000 0.606088
23.600000 0.606856
23.700000 0.608900
23.800000 0.612148
23.900000 0.605035
24.000000 0.608224
24.100000 0.607733
24.200000 0.608880
24.300000 0.603992
24.400000 0.610979
24.500000 0.610489
24.600000 0.607676
24.700000 0.608796
24.800000 0.608764
24.900000 0.604486
25.000000 0.608771
25.100000 0.611841
25.200000 0.606845
25.300000 0.605840
25.400000 0.605510
25.500000 0.608028
25.600000 0.608066
25.700000 0.604891
25.800000 0.604976
25.900000 0.610611
26.000000 0.602444
26.100000 0.607197
26.200000 0.603600
26.300000 0.603944
26.400000 0.610449
26.500000 0.609644
26.600000 0.604367
26.700000 0.607052
26.800000 0.607579
26.900000 0.608165
27.000000 0.609162
27.100000 0.610812
27.200000 0.613785
27.300000 0.610292
27.400000 0.605786
27.500000 0.600187
27.600000 0.614094
27.700000 0.612514
27.800000 0.609025
27.900000 0.605770
28.000000 0.610305
28.100000 0.605824
28.200000 0.607441
28.300000 0.602640
28.400000 0.602367
28.500000 0.604195
28.600000 0.608016
28.700000 0.610302
28.800000 0.608993
28.900000 0.606061
29.000000 0.605887
29.100000 0.614082
29.200000 0.607043
29.300000 0.612160
29.400000 0.606062
29.500000 0.613553
29.600000 0.606956
29.700000 0.615198
29.800000 0.602988
29.900000 0.609152
30.000000 0.609228
30.100000 0.609049
30.200000 0.599999
30.300000 0.616755
30.400000 0.608166
30.500000 0.607694
30.600000 0.611048
30.700000 0.604855
30.800000 0.605439
30.900000 0.606956
31.000000 0.609060
31.100000 0.603470
31.200000 0.615285
31.300000 0.614291
31.400000 0.604192
31.500000 0.606689
31.600000 0.606286
31.700000 0.614605
31.800000 0.606294
31.900000 0.607030
32.000000 0.607828
32.100000 0.610731
32.200000 0.607289
32.300000 0.610240
32.400000 0.603113
32.500000 0.604741
32.600000 0.604002
32.700000 0.608831
32.800000 0.611570
32.900000 0.601383
33.000000 0.608564
33.100000 0.601976
33.200000 0.608457
33.300000 0.607576
33.400000 0.609241
33.500000 0.609426
33.600000 0.604476
33.700000 0.611920
33.800000 0.610287
33.900000 0.604396
34.000000 0.605441
34.100000 0.602916
34.200000 0.606077
34.300000 0.610842
34.400000 0.608745
34.500000 0.603610
34.600000 0.615252
34.700000 0.610927
34.800000 0.603002
34.900000 0.608959
35.000000 0.604464
35.100000 0.608382
35.200000 0.608724
35.300000 0.608304
35.400000 0.611618
35.500000 0.607337
35.600000 0.610211
35.700000 0.605836
35.800000 0.611405
35.900000 0.607197
36.000000 0.607439
36.100000 0.605764
36.200000 0.611779
36.300000 0.606904
36.400000 0.611302
36.500000 0.609880
36.600000 0.603928
36.700000 0.614102
36.800000 0.604885
36.900000 0.611246
37.000000 0.606130
37.100000 0.609337
37.200000 0.611630
37.300000 0.608636
37.400000 0.607431
37.500000 0.605071
37.600000 0.609128
37.700000 0.609248
37.800000 0.610928
37.900000 0.606222
38.000000 0.603985
38.100000 0.607758
38.200000 0.602637
38.300000 0.612161
38.400000 0.604262
38.500000 0.606473
38.600000 0.613716
38.700000 0.606807
38.800000 0.611664
38.900000 0.603309
39.000000 0.610287
39.100000 0.610469
39.200000 0.606570
39.300000 0.610034
39.400000 0.607689
39.500000 0.604917
39.600000 0.608438
39.700000 0.611395
39.800000 0.608530
39.900000 0.609221
40.000000 0.606326
40.100000 0.608099
40.200000 0.608281
40.300000 0.604464
40.400000 0.614144
40.500000 0.612050
40.600000 0.607019
40.700000 0.610049
40.800000 0.608209
40.900000 0.608143
41.000000 0.613358
41.100000 0.610071
41.200000 0.612931
41.300000 0.605234
41.400000 0.603983
41.500000 0.609167
41.600000 0.608446
41.700000 0.606793
41.800000 0.606189
41.900000 0.607083
42.000000 0.609218
42.100000 0.601686
42.200000 0.609890
42.300000 0.611707
42.400000 0.609323
42.500000 0.606196
42.600000 0.608615
42.700000 0.614016
42.800000 0.606136
42.900000 0.611687
43.000000 0.602845
43.100000 0.604888
43.200000 0.608233
43.300000 0.603008
43.400000 0.608787
43.500000 0.607354
43.600000 0.610984
43.700000 0.603045
43.800000 0.604554
43.900000 0.610002
44.000000 0.611433
44.100000 0.606837
44.200000 0.610183
44.300000 0.609262
44.400000 0.606062
44.500000 0.610362
44.600000 0.610583
44.700000 0.602407
44.800000 0.604665
44.900000 0.608834
45.000000 0.607988
45.100000 0.611128
45.200000 0.606699
45.300000 0.605565
45.400000 0.615103
45.500000 0.612165
45.600000 0.611760
45.700000 0.604489
45.800000 0.611664
45.900000 0.607819
46.000000 0.607142
46.100000 0.608251
46.200000 0.611921
46.300000 0.606053
46.400000 0.610601
46.500000 0.607746
46.600000 0.614026
46.700000 0.607158
46.800000 0.612800
46.900000 0.606350
47.000000 0.608908
47.100000 0.606227
47.200000 0.602108
47.300000 0.605134
47.400000 0.605617
47.500000 0.603911
47.600000 0.612847
47.700000 0.608349
47.800000 0.606989
47.900000 0.605467
48.000000 0.607170
48.100000 0.605601
48.200000 0.605094
48.300000 0.606934
48.400000 0.605792
48.500000 0.606136
48.600000 0.605629
48.700000 0.610418
48.800000 0.609395
48.900000 0.609487
49.000000 0.607681
49.100000 0.605270
49.200000 0.613619
49.300000 0.612859
49.400000 0.609380
49.500000 0.601376
49.600000 0.610068
49.700000 0.611372
49.800000 0.607641
49.900000 0.605150
50.000000 0.608409
50.100000 0.603235
50.200000 0.611541
50.300000 0.605013
50.400000 0.608652
50.500000 0.605773
50.600000 0.604406
50.700000 0.605817
50.800000 0.613272
50.900000 0.606791
51.000000 0.612121
51.100000 0.609970
51.200000 0.609197
51.300000 0.609879
51.400000 0.609968
51.500000 0.605017
51.600000 0.604709
51.700000 0.610711
51.800000 0.611501
51.900000 0.615198
52.000000 0.605843
52.100000 0.605770
52.200000 0.603041
52.300000 0.609927
52.400000 0.607242
52.500000 0.600395
52.600000 0.605404
52.700000 0.609846
52.800000 0.605537
52.900000 0.614888
53.000000 0.610428
53.100000 0.604828
53.200000 0.612193
53.300000 0.608867
53.400000 0.610161
53.500000 0.607103
53.600000 0.608438
53.700000 0.603209
53.800000 0.606460
53.900000 0.605341
54.000000 0.607882
54.100000 0.610732
54.200000 0.612433
54.300000 0.607191
54.400000 0.610114
54.500000 0.610641
54.600000 0.604167
54.700000 0.603324
54.800000 0.602833
54.900000 0.609197
55.000000 0.612202
55.100000 0.613343
55.200000 0.604088
55.300000 0.613576
55.400000 0.606978
55.500000 0.606257
55.600000 0.602935
55.700000 0.610426
55.800000 0.607768
55.900000 0.609711
56.000000 0.607363
56.100000 0.609357
56.200000 0.605258
56.300000 0.604876
56.400000 0.607945
56.500000 0.610270
56.600000 0.604923
56.700000 0.610941
56.800000 0.602185
56.900000 0.602491
57.000000 0.611247
57.100000 0.609180
57.200000 0.608268
57.300000 0.605900
57.400000 0.605421
57.500000 0.606822
57.600000 0.609268
57.700000 0.608150
57.800000 0.603695
57.900000 0.605689
58.000000 0.606793
58.100000 0.611645
58.200000 0.603260
58.300000 0.608635
58.400000 0.613791
58.500000 0.605054
58.600000 0.614112
58.700000 0.606994
58.800000 0.606718
58.900000 0.607066
59.000000 0.604967
59.100000 0.611075
59.200000 0.608282
59.300000 0.606894
59.400000 0.609353
59.500000 0.607635
59.600000 0.610867
59.700000 0.612028
59.800000 0.607542
59.900000 0.606160
60.000000 0.605111
60.100000 0.615203
60.200000 0.606158
60.300000 0.607658
60.400000 0.610615
60.500000 0.609457
60.600000 0.604808
60.700000 0.608512
60.800000 0.611400
60.900000 0.607672
61.000000 0.611416
61.100000 0.608871
61.200000 0.603972
61.300000 0.607597
61.400000 0.605559
61.500000 0.609234
61.600000 0.606535
61.700000 0.609037
61.800000 0.602810
61.900000 0.599338
62.000000 0.606790
62.100000 0.606560
62.200000 0.606902
62.300000 0.604666
62.400000 0.607701
62.500000 0.609187
62.600000 0.606407
62.700000 0.608478
62.800000 0.609131
62.900000 0.611742
63.000000 0.607554
63.100000 0.601234
63.200000 0.608771
63.300000 0.609462
63.400000 0.604463
63.500000 0.605017
63.600000 0.604712
63.700000 0.614008
63.800000 0.608016
63.900000 0.609061
64.000000 0.605103
64.100000 0.609501
64.200000 0.607978
64.300000 0.606275
64.400000 0.602313
64.500000 0.605023
64.600000 0.615662
64.700000 0.609995
64.800000 0.605911
64.900000 0.611094
65.000000 0.607172
65.100000 0.610389
65.200000 0.606475
65.300000 0.604103
65.400000 0.602440
65.500000 0.605303
65.600000 0.609374
65.700000 0.610319
65.800000 0.608650
65.900000 0.607062
66.000000 0.608152
66.100000 0.611461
66.200000 0.601138
66.300000 0.603552
66.400000 0.605579
66.500000 0.605570
66.600000 0.607915
66.700000 0.610624
66.800000 0.606799
66.900000 0.605660
67.000000 0.606902
67.100000 0.603406
67.200000 0.610040
67.300000 0.602985
67.400000 0.605371
67.500000 0.604463
67.600000 0.604823
67.700000 0.606121
67.800000 0.607865
67.900000 0.609617
68.000000 0.607808
68.100000 0.608134
68.200000 0.605271
68.300000 0.613842
68.400000 0.606682
68.500000 0.610034
68.600000 0.609938
68.700000 0.603992
68.800000 0.608885
68.900000 0.606503
69.000000 0.603727
69.100000 0.606253
69.200000 0.612089
69.300000 0.607297
69.400000 0.607168
69.500000 0.604759
69.600000 0.609459
69.700000 0.608533
69.800000 0.608431
69.900000 0.605140
70.000000 0.603955
70.100000 0.607717
70.200000 0.607220
70.300000 0.602533
70.400000 0.606927
70.500000 0.611131
70.600000 0.602966
70.700000 0.605138
70.800000 0.609372
70.900000 0.605961
71.000000 0.608887
71.100000 0.611842
71.200000 0.610883
71.300000 0.611283
71.400000 0.604082
71.500000 0.606793
71.600000 0.607169
71.700000 0.606117
71.800000 0.603218
71.900000 0.608791
72.000000 0.610177
72.100000 0.608417
72.200000 0.608859
72.300000 0.610874
72.400000 0.607250
72.500000 0.610791
72.600000 0.605754
72.700000 0.613831
72.800000 0.601171
72.900000 0.603098
73.000000 0.606031
73.100000 0.606705
73.200000 0.607814
73.300000 0.606438
73.400000 0.615419
73.500000 0.608188
73.600000 0.608664
73.700000 0.607932
73.800000 0.607072
73.900000 0.608664
74.000000 0.607681
74.100000 0.603887
74.200000 0.606014
74.300000 0.607014
74.400000 0.605029
74.500000 0.606546
74.600000 0.607443
74.700000 0.605871
74.800000 0.606290
74.900000 0.605660
75.000000 0.606475
75.100000 0.610229
75.200000 0.613040
75.300000 0.604853
75.400000 0.607225
75.500000 0.606859
75.600000 0.610384
75.700000 0.606094
75.800000 0.607826
75.900000 0.604322
76.000000 0.604929
76.100000 0.610583
76.200000 0.605988
76.300000 0.604195
76.400000 0.605849
76.500000 0.607835
76.600000 0.606686
76.700000 0.607157
76.800000 0.603832
76.900000 0.611665
77.000000 0.608375
77.100000 0.612024
77.200000 0.608591
77.300000 0.606952
77.400000 0.604674
77.500000 0.605857
77.600000 0.604020
77.700000 0.608074
77.800000 0.612015
77.900000 0.606099
78.000000 0.605223
78.100000 0.610702
78.200000 0.609135
78.300000 0.608664
78.400000 0.608262
78.500000 0.608569
78.600000 0.608626
78.700000 0.604147
78.800000 0.601528
78.900000 0.609443
79.000000 0.601110
79.100000 0.609549
79.200000 0.610175
79.300000 0.613887
79.400000 0.606199
79.500000 0.612000
79.600000 0.604059
79.700000 0.599569
79.800000 0.603713
79.900000 0.605413
80.000000 0.603970
80.100000 0.608569
80.200000 0.604650
80.300000 0.601737
80.400000 0.613452
80.500000 0.610600
80.600000 0.599321
80.700000 0.605890
80.800000 0.609684
80.900000 0.607126
81.000000 0.608792
81.100000 0.608774
81.200000 0.608482
81.300000 0.603427
81.400000 0.612451
81.500000 0.604188
81.600000 0.608410
81.700000 0.610002
81.800000 0.604919
81.900000 0.607963
82.000000 0.602916
82.100000 0.604295
82.200000 0.610974
82.300000 0.607258
82.400000 0.611381
82.500000 0.604811
82.600000 0.604049
82.700000 0.612682
82.800000 0.609969
82.900000 0.607151
83.000000 0.604721
83.100000 0.605138
83.200000 0.603000
83.300000 0.602680
83.400000 0.610105
83.500000 0.611276
83.600000 0.612315
83.700000 0.606115
83.800000 0.613279
83.900000 0.608725
84.000000 0.614003
84.100000 0.606599
84.200000 0.606475
84.300000 0.606257
84.400000 0.603931
84.500000 0.608167
84.600000 0.606172
84.700000 0.614701
84.800000 0.606722
84.900000 0.609167
85.000000 0.603499
85.100000 0.610639
85.200000 0.609452
85.300000 0.613538
85.400000 0.603599
85.500000 0.614173
85.600000 0.605563
85.700000 0.610032
85.800000 0.608452
85.900000 0.605807
86.000000 0.603997
86.100000 0.611507
86.200000 0.605624
86.300000 0.609488
86.400000 0.606702
86.500000 0.607187
86.600000 0.607073
86.700000 0.604725
86.800000 0.613650
86.900000 0.606750
87.000000 0.610521
87.100000 0.609810
87.200000 0.607014
87.300000 0.610968
87.400000 0.607805
87.500000 0.616291
87.600000 0.606842
87.700000 0.603905
87.800000 0.609161
87.900000 0.608169
88.000000 0.603807
88.100000 0.605401
88.200000 0.609454
88.300000 0.605338
88.400000 0.608454
88.500000 0.609027
88.600000 0.609034
88.700000 0.601318
88.800000 0.604215
88.900000 0.610810
89.000000 0.604465
89.100000 0.605922
89.200000 0.609142
89.300000 0.607612
89.400000 0.607338
89.500000 0.608880
89.600000 0.605885
89.700000 0.603377
89.800000 0.608031
89.900000 0.608590
90.000000 0.613125
90.100000 0.604896
90.200000 0.605058
90.300000 0.607404
90.400000 0.611979
90.500000 0.606843
90.600000 0.611859
90.700000 0.608526
90.800000 0.610448
90.900000 0.604302
91.000000 0.603658
91.100000 0.607401
91.200000 0.602919
91.300000 0.604024
91.400000 0.607949
91.500000 0.607359
91.600000 0.607332
91.700000 0.612009
91.800000 0.609447
91.900000 0.605224
92.000000 0.607187
92.100000 0.610416
92.200000 0.608362
92.300000 0.601394
92.400000 0.609814
92.500000 0.606599
92.600000 0.607563
92.700000 0.608890
92.800000 0.607983
92.900000 0.605620
93.000000 0.603996
93.100000 0.607131
93.200000 0.605660
93.300000 0.610439
93.400000 0.607657
93.500000 0.610946
93.600000 0.609335
93.700000 0.606085
93.800000 0.607430
93.900000 0.608503
94.000000 0.611852
94.100000 0.607510
94.200000 0.610332
94.300000 0.605999
94.400000 0.612663
94.500000 0.610100
94.600000 0.612536
94.700000 0.608965
94.800000 0.603147
94.900000 0.610774
95.000000 0.609513
95.100000 0.607853
95.200000 0.604302
95.300000 0.602856
95.400000 0.612217
95.500000 0.611377
95.600000 0.602555
95.700000 0.608948
95.800000 0.609804
95.900000 0.606861
96.000000 0.616081
96.100000 0.607259
96.200000 0.610808
96.300000 0.611928
96.400000 0.603214
96.500000 0.608221
96.600000 0.611428
96.700000 0.608405
96.800000 0.607290
96.900000 0.607069
97.000000 0.604297
97.100000 0.607434
97.200000 0.607937
97.300000 0.610135
97.400000 0.610830
97.500000 0.607333
97.600000 0.608928
97.700000 0.610795
97.800000 0.611693
97.900000 0.603494
98.000000 0.607512
98.100000 0.614216
98.200000 0.604275
98.300000 0.607461
98.400000 0.611811
98.500000 0.607063
98.600000 0.608897
98.700000 0.611783
98.800000 0.607516
98.900000 0.607943
99.000000 0.602117
99.100000 0.607325
99.200000 0.602094
99.300000 0.606002
99.400000 0.610899
99.500000 0.607990
99.600000 0.607073
99.700000 0.608455
99.800000 0.606928
99.900000 0.608635
100.000000 0.606916
