0.000000 5.000000
0.100000 5.005600
0.200000 5.008400
0.300000 5.014700
0.400000 5.018500
0.500000 5.022700
0.600000 5.027900
0.700000 5.032300
0.800000 5.036600
0.900000 5.039900
1.000000 5.044800
1.100000 5.048700
1.200000 5.054600
1.300000 5.060000
1.400000 5.065900
1.500000 5.070400
1.600000 5.074800
1.700000 5.079000
1.800000 5.086400
1.900000 5.091400
2.000000 5.097200
2.100000 5.098800
2.200000 5.104700
2.300000 5.109600
2.400000 5.114700
2.500000 5.119700
2.600000 5.125500
2.700000 5.131300
2.800000 5.137500
2.900000 5.140900
3.000000 5.145400
3.100000 5.150100
3.200000 5.153400
3.300000 5.157100
3.400000 5.163000
3.500000 5.165500
3.600000 5.169800
3.700000 5.177700
3.800000 5.182000
3.900000 5.185400
4.000000 5.190200
4.100000 5.194400
4.200000 5.200800
4.300000 5.205900
4.400000 5.210700
4.500000 5.215600
4.600000 5.221500
4.700000 5.225700
4.800000 5.230500
4.900000 5.234800
5.000000 5.239000
5.100000 5.243600
5.200000 5.247900
5.300000 5.251600
5.400000 5.255600
5.500000 5.260900
5.600000 5.265100
5.700000 5.269700
5.800000 5.274900
5.900000 5.279000
6.000000 5.285200
6.100000 5.288500
6.200000 5.292800
6.300000 5.298100
6.400000 5.301700
6.500000 5.308000
6.600000 5.312700
6.700000 5.319800
6.800000 5.327000
6.900000 5.330800
7.000000 5.333400
7.100000 5.337000
7.200000 5.340300
7.300000 5.343900
7.400000 5.347700
7.500000 5.353800
7.600000 5.358400
7.700000 5.363400
7.800000 5.366400
7.900000 5.370500
8.000000 5.376500
8.100000 5.380700
8.200000 5.385100
8.300000 5.391000
8.400000 5.395800
8.500000 5.401000
8.600000 5.405600
8.700000 5.408600
8.800000 5.414800
8.900000 5.417700
9.000000 5.421700
9.100000 5.428400
9.200000 5.433500
9.300000 5.438000
9.400000 5.445400
9.500000 5.450500
9.600000 5.455700
9.700000 5.458400
9.800000 5.462200
9.900000 5.465900
10.000000 5.471500
10.100000 5.478100
10.200000 5.482800
10.300000 5.489100
10.400000 5.494200
10.500000 5.498500
10.600000 5.502700
10.700000 5.508200
10.800000 5.510100
10.900000 5.514500
11.000000 5.519200
11.100000 5.524500
11.200000 5.527700
11.300000 5.533700
11.400000 5.537900
11.500000 5.542700
11.600000 5.546000
11.700000 5.550700
11.800000 5.555300
11.900000 5.561600
12.000000 5.563600
12.100000 5.568300
12.200000 5.573100
12.300000 5.578000
12.400000 5.583800
12.500000 5.587500
12.600000 5.591900
12.700000 5.596200
12.800000 5.601300
12.900000 5.604500
13.000000 5.609000
13.100000 5.613200
13.200000 5.618100
13.300000 5.622100
13.400000 5.625000
13.500000 5.631400
13.600000 5.636100
13.700000 5.639600
13.800000 5.643300
13.900000 5.647200
14.000000 5.650100
14.100000 5.655800
14.200000 5.662000
14.300000 5.666800
14.400000 5.670700
14.500000 5.676200
14.600000 5.679700
14.700000 5.683800
14.800000 5.689900
14.900000 5.694300
15.000000 5.699400
15.100000 5.704400
15.200000 5.709900
15.300000 5.715500
15.400000 5.720500
15.500000 5.724000
15.600000 5.728500
15.700000 5.731500
15.800000 5.737800
15.900000 5.745900
16.000000 5.749100
16.100000 5.754100
16.200000 5.759100
16.300000 5.763000
16.400000 5.769400
16.500000 5.773200
16.600000 5.777200
16.700000 5.781300
16.800000 5.786700
16.900000 5.789000
17.000000 5.793000
17.100000 5.798700
17.200000 5.803200
17.300000 5.806700
17.400000 5.810400
17.500000 5.814400
17.600000 5.819700
17.700000 5.823000
17.800000 5.827700
17.900000 5.831300
18.000000 5.837000
18.100000 5.839900
18.200000 5.847200
18.300000 5.852400
18.400000 5.857300
18.500000 5.860700
18.600000 5.864200
18.700000 5.870800
18.800000 5.874700
18.900000 5.880800
19.000000 5.883200
19.100000 5.888100
19.200000 5.890500
19.300000 5.895000
19.400000 5.900500
19.500000 5.903100
19.600000 5.906600
19.700000 5.911700
19.800000 5.915000
19.900000 5.920600
20.000000 5.923200
20.100000 5.927900
20.200000 5.932300
20.300000 5.934700
20.400000 5.940000
20.500000 5.944900
20.600000 5.946800
20.700000 5.949200
20.800000 5.952300
20.900000 5.956300
21.000000 5.958600
21.100000 5.962200
21.200000 5.964600
21.300000 5.968300
21.400000 5.973900
21.500000 5.978000
21.600000 5.982400
21.700000 5.985100
21.800000 5.988500
21.900000 5.992000
22.000000 5.995000
22.100000 5.997800
22.200000 5.999900
22.300000 6.003100
22.400000 6.006800
22.500000 6.010100
22.600000 6.013400
22.700000 6.018800
22.800000 6.021600
22.900000 6.025800
23.000000 6.030100
23.100000 6.033500
23.200000 6.036500
23.300000 6.040100
23.400000 6.043600
23.500000 6.047800
23.600000 6.053900
23.700000 6.058100
23.800000 6.062900
23.900000 6.067500
24.000000 6.072800
24.100000 6.076300
24.200000 6.080800
24.300000 6.084400
24.400000 6.088100
24.500000 6.089700
24.600000 6.095700
24.700000 6.099100
24.800000 6.103700
24.900000 6.108000
25.000000 6.112000
25.100000 6.113200
25.200000 6.118500
25.300000 6.121900
25.400000 6.127800
25.500000 6.130100
25.600000 6.134100
25.700000 6.138200
25.800000 6.140900
25.900000 6.144100
26.000000 6.147800
26.100000 6.150600
26.200000 6.154800
26.300000 6.158200
26.400000 6.160500
26.500000 6.164400
26.600000 6.167100
26.700000 6.172700
26.800000 6.177200
26.900000 6.181700
27.000000 6.184300
27.100000 6.188900
27.200000 6.192900
27.300000 6.197700
27.400000 6.203800
27.500000 6.210200
27.600000 6.214300
27.700000 6.218800
27.800000 6.222700
27.900000 6.227300
28.000000 6.229800
28.100000 6.234200
28.200000 6.237100
28.300000 6.239500
28.400000 6.242500
28.500000 6.246300
28.600000 6.251600
28.700000 6.254500
28.800000 6.258600
28.900000 6.261400
29.000000 6.264900
29.100000 6.266800
29.200000 6.270200
29.300000 6.275800
29.400000 6.280500
29.500000 6.282600
29.600000 6.285700
29.700000 6.291100
29.800000 6.294200
29.900000 6.297900
30.000000 6.305300
30.100000 6.309500
30.200000 6.313400
30.300000 6.318700
30.400000 6.323000
30.500000 6.327800
30.600000 6.331500
30.700000 6.334500
30.800000 6.337800
30.900000 6.340900
31.000000 6.348000
31.100000 6.351700
31.200000 6.353600
31.300000 6.358000
31.400000 6.360800
31.500000 6.367200
31.600000 6.372600
31.700000 6.376000
31.800000 6.380200
31.900000 6.383000
32.000000 6.386100
32.100000 6.387700
32.200000 6.390000
32.300000 6.393800
32.400000 6.396100
32.500000 6.398700
32.600000 6.400800
32.700000 6.404200
32.800000 6.410400
32.900000 6.413700
33.000000 6.418100
33.100000 6.422700
33.200000 6.426900
33.300000 6.429700
33.400000 6.432000
33.500000 6.435400
33.600000 6.439100
33.700000 6.442400
33.800000 6.445100
33.900000 6.447100
34.000000 6.452000
34.100000 6.455400
34.200000 6.458700
34.300000 6.462900
34.400000 6.467800
34.500000 6.470500
34.600000 6.476300
34.700000 6.479700
34.800000 6.482900
34.900000 6.484900
35.000000 6.488500
35.100000 6.491800
35.200000 6.495000
35.300000 6.498500
35.400000 6.501500
35.500000 6.503600
35.600000 6.507200
35.700000 6.510000
35.800000 6.514600
35.900000 6.518500
36.000000 6.524400
36.100000 6.529500
36.200000 6.532500
36.300000 6.536400
36.400000 6.541300
36.500000 6.544100
36.600000 6.549700
36.700000 6.554600
36.800000 6.557200
36.900000 6.560700
37.000000 6.562400
37.100000 6.564800
37.200000 6.566900
37.300000 6.569500
37.400000 6.573500
37.500000 6.577600
37.600000 6.581700
37.700000 6.585000
37.800000 6.587700
37.900000 6.589400
38.000000 6.593600
38.100000 6.596900
38.200000 6.599000
38.300000 6.601500
38.400000 6.606500
38.500000 6.610300
38.600000 6.610400
38.700000 6.612600
38.800000 6.617100
38.900000 6.623100
39.000000 6.628400
39.100000 6.630400
39.200000 6.633700
39.300000 6.637500
39.400000 6.639600
39.500000 6.643000
39.600000 6.647200
39.700000 6.651000
39.800000 6.654700
39.900000 6.658600
40.000000 6.662600
40.100000 6.665900
40.200000 6.670200
40.300000 6.673100
40.400000 6.677100
40.500000 6.680200
40.600000 6.682000
40.700000 6.684900
40.800000 6.688100
40.900000 6.689900
41.000000 6.694700
41.100000 6.697600
41.200000 6.701900
41.300000 6.705300
41.400000 6.709600
41.500000 6.713900
41.600000 6.717000
41.700000 6.719900
41.800000 6.723900
41.900000 6.726300
42.000000 6.728600
42.100000 6.731000
42.200000 6.734300
42.300000 6.736200
42.400000 6.740900
42.500000 6.742400
42.600000 6.747000
42.700000 6.750900
42.800000 6.752400
42.900000 6.755300
43.000000 6.758000
43.100000 6.761800
43.200000 6.764600
43.300000 6.765900
43.400000 6.767900
43.500000 6.773200
43.600000 6.775500
43.700000 6.777200
43.800000 6.780100
43.900000 6.781900
44.000000 6.784500
44.100000 6.788800
44.200000 6.792600
44.300000 6.796800
44.400000 6.800700
44.500000 6.802900
44.600000 6.805500
44.700000 6.804600
44.800000 6.808300
44.900000 6.811900
45.000000 6.815800
45.100000 6.820600
45.200000 6.824700
45.300000 6.826600
45.400000 6.830100
45.500000 6.831900
45.600000 6.835800
45.700000 6.838300
45.800000 6.843100
45.900000 6.846000
46.000000 6.850100
46.100000 6.853400
46.200000 6.855800
46.300000 6.860100
46.400000 6.863900
46.500000 6.868600
46.600000 6.868600
46.700000 6.872300
46.800000 6.873300
46.900000 6.877400
47.000000 6.881400
47.100000 6.883700
47.200000 6.888700
47.300000 6.892500
47.400000 6.895500
47.500000 6.899500
47.600000 6.902300
47.700000 6.906000
47.800000 6.907400
47.900000 6.910400
48.000000 6.913100
48.100000 6.916400
48.200000 6.920700
48.300000 6.923700
48.400000 6.926700
48.500000 6.931500
48.600000 6.933700
48.700000 6.936500
48.800000 6.940400
48.900000 6.942900
49.000000 6.946400
49.100000 6.949600
49.200000 6.952700
49.300000 6.955400
49.400000 6.960300
49.500000 6.961200
49.600000 6.964300
49.700000 6.965900
49.800000 6.969200
49.900000 6.971600
50.000000 6.974700
50.100000 6.977600
50.200000 6.979500
50.300000 6.984000
50.400000 6.985700
50.500000 6.988600
50.600000 6.990400
50.700000 6.992800
50.800000 6.999000
50.900000 7.002400
51.000000 7.003900
51.100000 7.007100
51.200000 7.008800
51.300000 7.011600
51.400000 7.014200
51.500000 7.015800
51.600000 7.019000
51.700000 7.022900
51.800000 7.025800
51.900000 7.028600
52.000000 7.029400
52.100000 7.035800
52.200000 7.038800
52.300000 7.043600
52.400000 7.045200
52.500000 7.046000
52.600000 7.051200
52.700000 7.055600
52.800000 7.057300
52.900000 7.059600
53.000000 7.062600
53.100000 7.065800
53.200000 7.067500
53.300000 7.069400
53.400000 7.074000
53.500000 7.076700
53.600000 7.080300
53.700000 7.082400
53.800000 7.084300
53.900000 7.089300
54.000000 7.093200
54.100000 7.095900
54.200000 7.097500
54.300000 7.101400
54.400000 7.104900
54.500000 7.106000
54.600000 7.108300
54.700000 7.111000
54.800000 7.115100
54.900000 7.117100
55.000000 7.119300
55.100000 7.122100
55.200000 7.126500
55.300000 7.128700
55.400000 7.129500
55.500000 7.131600
55.600000 7.133000
55.700000 7.136800
55.800000 7.141000
55.900000 7.146900
56.000000 7.149600
56.100000 7.156200
56.200000 7.159300
56.300000 7.161800
56.400000 7.164700
56.500000 7.166600
56.600000 7.169400
56.700000 7.171800
56.800000 7.174800
56.900000 7.175400
57.000000 7.175200
57.100000 7.176900
57.200000 7.178300
57.300000 7.182600
57.400000 7.184800
57.500000 7.186900
57.600000 7.191000
57.700000 7.193500
57.800000 7.195000
57.900000 7.199200
58.000000 7.202900
58.100000 7.204200
58.200000 7.207000
58.300000 7.209000
58.400000 7.211800
58.500000 7.215100
58.600000 7.218700
58.700000 7.222300
58.800000 7.225000
58.900000 7.226300
59.000000 7.230200
59.100000 7.233700
59.200000 7.235900
59.300000 7.239400
59.400000 7.242700
59.500000 7.245800
59.600000 7.248800
59.700000 7.251000
59.800000 7.253500
59.900000 7.256700
60.000000 7.260200
60.100000 7.261200
60.200000 7.262100
60.300000 7.263300
60.400000 7.265400
60.500000 7.271300
60.600000 7.272700
60.700000 7.273900
60.800000 7.275500
60.900000 7.279500
61.000000 7.280900
61.100000 7.286500
61.200000 7.290500
61.300000 7.292200
61.400000 7.292700
61.500000 7.293500
61.600000 7.297000
61.700000 7.299600
61.800000 7.303400
61.900000 7.304600
62.000000 7.309000
62.100000 7.310600
62.200000 7.311900
62.300000 7.314300
62.400000 7.315700
62.500000 7.317600
62.600000 7.320700
62.700000 7.321500
62.800000 7.324000
62.900000 7.329000
63.000000 7.333400
63.100000 7.337600
63.200000 7.339300
63.300000 7.341900
63.400000 7.345000
63.500000 7.346000
63.600000 7.346500
63.700000 7.349800
63.800000 7.351800
63.900000 7.354300
64.000000 7.355500
64.100000 7.358900
64.200000 7.360500
64.300000 7.363300
64.400000 7.364800
64.500000 7.368800
64.600000 7.370000
64.700000 7.373700
64.800000 7.379500
64.900000 7.382700
65.000000 7.386400
65.100000 7.389400
65.200000 7.391800
65.300000 7.394700
65.400000 7.397200
65.500000 7.397800
65.600000 7.400300
65.700000 7.402800
65.800000 7.405500
65.900000 7.408600
66.000000 7.409200
66.100000 7.410900
66.200000 7.415100
66.300000 7.417500
66.400000 7.419900
66.500000 7.422900
66.600000 7.425700
66.700000 7.429100
66.800000 7.431200
66.900000 7.434800
67.000000 7.438700
67.100000 7.442400
67.200000 7.443700
67.300000 7.446000
67.400000 7.450500
67.500000 7.452000
67.600000 7.457100
67.700000 7.461600
67.800000 7.465000
67.900000 7.468200
68.000000 7.472100
68.100000 7.477000
68.200000 7.478500
68.300000 7.480100
68.400000 7.483600
68.500000 7.486900
68.600000 7.490000
68.700000 7.492400
68.800000 7.497800
68.900000 7.500000
69.000000 7.503800
69.100000 7.505300
69.200000 7.507500
69.300000 7.509900
69.400000 7.512400
69.500000 7.512700
69.600000 7.517600
69.700000 7.521800
69.800000 7.525400
69.900000 7.527500
70.000000 7.530000
70.100000 7.532400
70.200000 7.534700
70.300000 7.540600
70.400000 7.540700
70.500000 7.543700
70.600000 7.545600
70.700000 7.548600
70.800000 7.552700
70.900000 7.554400
71.000000 7.557500
71.100000 7.561700
71.200000 7.563400
71.300000 7.564500
71.400000 7.567300
71.500000 7.566900
71.600000 7.569100
71.700000 7.571500
71.800000 7.575400
71.900000 7.578200
72.000000 7.579200
72.100000 7.584700
72.200000 7.590200
72.300000 7.592100
72.400000 7.594500
72.500000 7.597200
72.600000 7.600700
72.700000 7.604000
72.800000 7.604300
72.900000 7.609300
73.000000 7.611400
73.100000 7.613500
73.200000 7.615900
73.300000 7.619800
73.400000 7.621300
73.500000 7.624000
73.600000 7.626700
73.700000 7.629300
73.800000 7.628900
73.900000 7.629600
74.000000 7.631900
74.100000 7.632900
74.200000 7.635000
74.300000 7.636900
74.400000 7.639300
74.500000 7.641200
74.600000 7.642800
74.700000 7.646600
74.800000 7.650600
74.900000 7.653800
75.000000 7.657900
75.100000 7.660000
75.200000 7.661000
75.300000 7.663200
75.400000 7.665300
75.500000 7.667400
75.600000 7.668900
75.700000 7.672400
75.800000 7.673200
75.900000 7.676800
76.000000 7.679000
76.100000 7.679200
76.200000 7.682300
76.300000 7.685300
76.400000 7.689000
76.500000 7.694500
76.600000 7.697100
76.700000 7.697300
76.800000 7.699400
76.900000 7.700900
77.000000 7.702800
77.100000 7.708000
77.200000 7.711100
77.300000 7.712600
77.400000 7.715000
77.500000 7.716400
77.600000 7.717900
77.700000 7.722000
77.800000 7.724500
77.900000 7.728000
78.000000 7.729200
78.100000 7.733400
78.200000 7.736300
78.300000 7.738300
78.400000 7.740700
78.500000 7.739900
78.600000 7.742200
78.700000 7.745100
78.800000 7.746700
78.900000 7.747700
79.000000 7.749900
79.100000 7.754300
79.200000 7.757000
79.300000 7.759300
79.400000 7.760100
79.500000 7.761100
79.600000 7.763500
79.700000 7.764900
79.800000 7.766800
79.900000 7.770300
80.000000 7.772200
80.100000 7.773100
80.200000 7.775300
80.300000 7.776600
80.400000 7.780500
80.500000 7.783400
80.600000 7.785200
80.700000 7.788200
80.800000 7.790400
80.900000 7.793400
81.000000 7.795000
81.100000 7.793400
81.200000 7.796100
81.300000 7.796400
81.400000 7.797600
81.500000 7.800600
81.600000 7.801700
81.700000 7.804400
81.800000 7.809200
81.900000 7.813900
82.000000 7.817300
82.100000 7.821600
82.200000 7.821100
82.300000 7.822600
82.400000 7.824300
82.500000 7.824800
82.600000 7.827500
82.700000 7.830100
82.800000 7.828800
82.900000 7.830800
83.000000 7.830300
83.100000 7.832700
83.200000 7.833700
83.300000 7.837900
83.400000 7.841100
83.500000 7.842400
83.600000 7.847000
83.700000 7.848200
83.800000 7.849700
83.900000 7.847400
84.000000 7.850500
84.100000 7.853000
84.200000 7.854000
84.300000 7.856300
84.400000 7.859400
84.500000 7.864100
84.600000 7.867100
84.700000 7.870700
84.800000 7.873600
84.900000 7.875700
85.000000 7.876700
85.100000 7.878300
85.200000 7.879600
85.300000 7.877700
85.400000 7.880000
85.500000 7.883700
85.600000 7.887200
85.700000 7.890800
85.800000 7.893800
85.900000 7.895800
86.000000 7.896100
86.100000 7.897100
86.200000 7.900800
86.300000 7.901900
86.400000 7.906000
86.500000 7.909200
86.600000 7.912100
86.700000 7.913000
86.800000 7.916100
86.900000 7.919800
87.000000 7.923700
87.100000 7.927600
87.200000 7.929200
87.300000 7.929900
87.400000 7.932900
87.500000 7.934300
87.600000 7.934800
87.700000 7.936600
87.800000 7.939300
87.900000 7.940400
88.000000 7.941600
88.100000 7.946300
88.200000 7.946900
88.300000 7.949300
88.400000 7.953100
88.500000 7.954800
88.600000 7.957600
88.700000 7.960100
88.800000 7.963700
88.900000 7.964900
89.000000 7.966500
89.100000 7.967100
89.200000 7.970500
89.300000 7.971900
89.400000 7.972700
89.500000 7.972700
89.600000 7.973900
89.700000 7.975000
89.800000 7.978000
89.900000 7.979400
90.000000 7.980300
90.100000 7.983900
90.200000 7.984800
90.300000 7.987700
90.400000 7.990100
90.500000 7.990300
90.600000 7.990600
90.700000 7.994300
90.800000 7.997200
90.900000 7.997100
91.000000 7.998700
91.100000 8.000800
91.200000 8.004000
91.300000 8.004500
91.400000 8.005200
91.500000 8.007400
91.600000 8.007800
91.700000 8.010900
91.800000 8.012900
91.900000 8.015300
92.000000 8.017900
92.100000 8.018600
92.200000 8.022500
92.300000 8.026700
92.400000 8.029400
92.500000 8.031100
92.600000 8.032500
92.700000 8.034500
92.800000 8.036700
92.900000 8.039600
93.000000 8.040300
93.100000 8.043500
93.200000 8.047500
93.300000 8.048900
93.400000 8.049200
93.500000 8.049700
93.600000 8.052900
93.700000 8.057100
93.800000 8.060400
93.900000 8.061000
94.000000 8.063200
94.100000 8.063700
94.200000 8.065500
94.300000 8.068800
94.400000 8.072000
94.500000 8.071700
94.600000 8.073100
94.700000 8.072900
94.800000 8.076200
94.900000 8.078800
95.000000 8.080300
95.100000 8.084200
95.200000 8.088700
95.300000 8.090600
95.400000 8.093300
95.500000 8.095400
95.600000 8.098000
95.700000 8.099900
95.800000 8.103300
95.900000 8.104400
96.000000 8.107200
96.100000 8.109300
96.200000 8.109800
96.300000 8.112000
96.400000 8.114200
96.500000 8.114800
96.600000 8.116500
96.700000 8.118000
96.800000 8.120400
96.900000 8.122800
97.000000 8.125200
97.100000 8.125100
97.200000 8.128100
97.300000 8.131200
97.400000 8.133700
97.500000 8.135300
97.600000 8.137800
97.700000 8.142100
97.800000 8.142600
97.900000 8.142400
98.000000 8.143800
98.100000 8.146800
98.200000 8.145000
98.300000 8.146800
98.400000 8.149300
98.500000 8.153000
98.600000 8.153400
98.700000 8.155100
98.800000 8.158700
98.900000 8.160000
99.000000 8.161900
99.100000 8.165200
99.200000 8.163600
99.300000 8.164300
99.400000 8.166900
99.500000 8.166800
99.600000 8.168200
99.700000 8.170200
99.800000 8.174000
99.900000 8.177800
100.000000 8.180600


0.000000 5.000000
0.100000 5.003500
0.200000 5.005100
0.300000 5.007800
0.400000 5.014700
0.500000 5.023900
0.600000 5.021700
0.700000 5.026700
0.800000 5.032600
0.900000 5.037100
1.000000 5.046800
1.100000 5.036800
1.200000 5.053900
1.300000 5.054100
1.400000 5.063300
1.500000 5.073300
1.600000 5.073500
1.700000 5.075900
1.800000 5.075300
1.900000 5.080900
2.000000 5.095500
2.100000 5.094900
2.200000 5.104600
2.300000 5.103100
2.400000 5.116200
2.500000 5.111800
2.600000 5.127400
2.700000 5.111700
2.800000 5.128000
2.900000 5.132200
3.000000 5.124500
3.100000 5.137300
3.200000 5.143500
3.300000 5.133700
3.400000 5.136300
3.500000 5.165800
3.600000 5.156800
3.700000 5.166900
3.800000 5.166500
3.900000 5.170300
4.000000 5.177500
4.100000 5.186700
4.200000 5.180100
4.300000 5.186100
4.400000 5.182900
4.500000 5.208400
4.600000 5.222700
4.700000 5.211500
4.800000 5.218100
4.900000 5.226900
5.000000 5.211700
5.100000 5.225700
5.200000 5.239600
5.300000 5.233100
5.400000 5.257600
5.500000 5.235300
5.600000 5.270400
5.700000 5.268000
5.800000 5.261000
5.900000 5.268900
6.000000 5.276500
6.100000 5.296800
6.200000 5.299500
6.300000 5.290600
6.400000 5.314200
6.500000 5.319500
6.600000 5.316700
6.700000 5.323200
6.800000 5.298000
6.900000 5.333100
7.000000 5.349500
7.100000 5.368200
7.200000 5.359400
7.300000 5.343900
7.400000 5.355300
7.500000 5.373300
7.600000 5.372700
7.700000 5.387400
7.800000 5.393200
7.900000 5.393800
8.000000 5.398500
8.100000 5.407600
8.200000 5.423200
8.300000 5.404600
8.400000 5.416900
8.500000 5.413600
8.600000 5.425500
8.700000 5.427600
8.800000 5.448400
8.900000 5.429300
9.000000 5.444800
9.100000 5.454100
9.200000 5.459900
9.300000 5.463100
9.400000 5.479600
9.500000 5.481900
9.600000 5.489000
9.700000 5.501400
9.800000 5.517800
9.900000 5.526700
10.000000 5.501000
10.100000 5.509000
10.200000 5.523800
10.300000 5.538600
10.400000 5.530600
10.500000 5.552800
10.600000 5.538000
10.700000 5.551400
10.800000 5.538200
10.900000 5.550800
11.000000 5.574500
11.100000 5.581100
11.200000 5.575000
11.300000 5.563900
11.400000 5.592000
11.500000 5.592100
11.600000 5.582200
11.700000 5.581800
11.800000 5.613900
11.900000 5.609400
12.000000 5.608400
12.100000 5.602500
12.200000 5.643300
12.300000 5.635000
12.400000 5.608400
12.500000 5.643600
12.600000 5.654300
12.700000 5.632800
12.800000 5.659200
12.900000 5.648600
13.000000 5.661100
13.100000 5.682300
13.200000 5.692300
13.300000 5.654000
13.400000 5.697600
13.500000 5.681800
13.600000 5.706800
13.700000 5.699700
13.800000 5.683200
13.900000 5.709300
14.000000 5.711200
14.100000 5.731700
14.200000 5.721100
14.300000 5.733200
14.400000 5.728500
14.500000 5.715300
14.600000 5.728100
14.700000 5.730100
14.800000 5.760400
14.900000 5.752500
15.000000 5.783900
15.100000 5.790600
15.200000 5.789900
15.300000 5.785000
15.400000 5.782300
15.500000 5.799600
15.600000 5.788700
15.700000 5.812300
15.800000 5.810900
15.900000 5.797000
16.000000 5.797800
16.100000 5.814900
16.200000 5.811500
16.300000 5.809100
16.400000 5.830200
16.500000 5.859200
16.600000 5.837600
16.700000 5.840900
16.800000 5.829600
16.900000 5.856200
17.000000 5.852100
17.100000 5.840600
17.200000 5.863100
17.300000 5.853200
17.400000 5.878400
17.500000 5.906400
17.600000 5.876400
17.700000 5.883400
17.800000 5.879400
17.900000 5.893500
18.000000 5.921200
18.100000 5.876300
18.200000 5.922400
18.300000 5.894000
18.400000 5.889900
18.500000 5.935000
18.600000 5.927400
18.700000 5.953600
18.800000 5.926100
18.900000 5.951800
19.000000 5.964600
19.100000 5.975700
19.200000 5.989400
19.300000 5.969200
19.400000 5.975400
19.500000 5.946300
19.600000 5.999200
19.700000 5.988600
19.800000 5.962400
19.900000 5.991500
20.000000 5.982500
20.100000 5.991800
20.200000 6.010600
20.300000 6.007200
20.400000 6.017100
20.500000 6.026600
20.600000 5.991200
20.700000 6.016700
20.800000 6.040700
20.900000 6.039600
21.000000 6.033900
21.100000 6.048300
21.200000 6.025600
21.300000 6.046900
21.400000 6.045900
21.500000 6.030000
21.600000 6.054900
21.700000 6.063400
21.800000 6.050900
21.900000 6.080900
22.000000 6.037100
22.100000 6.079100
22.200000 6.069300
22.300000 6.107800
22.400000 6.061200
22.500000 6.116200
22.600000 6.101600
22.700000 6.107900
22.800000 6.135000
22.900000 6.123900
23.000000 6.149700
23.100000 6.131300
23.200000 6.131700
23.300000 6.133800
23.400000 6.133100
23.500000 6.147300
23.600000 6.154300
23.700000 6.101500
23.800000 6.189500
23.900000 6.188800
24.000000 6.124200
24.100000 6.190500
24.200000 6.187700
24.300000 6.170800
24.400000 6.212900
24.500000 6.215600
24.600000 6.193500
24.700000 6.212100
24.800000 6.164000
24.900000 6.195100
25.000000 6.223200
25.100000 6.196800
25.200000 6.216300
25.300000 6.172800
25.400000 6.258200
25.500000 6.242400
25.600000 6.213100
25.700000 6.257300
25.800000 6.245100
25.900000 6.215600
26.000000 6.265600
26.100000 6.225800
26.200000 6.264800
26.300000 6.244900
26.400000 6.288200
26.500000 6.285700
26.600000 6.269400
26.700000 6.264600
26.800000 6.280700
26.900000 6.312600
27.000000 6.294800
27.100000 6.283100
27.200000 6.285100
27.300000 6.332700
27.400000 6.289600
27.500000 6.343200
27.600000 6.312800
27.700000 6.335200
27.800000 6.328800
27.900000 6.301400
28.000000 6.378800
28.100000 6.369800
28.200000 6.353100
28.300000 6.354900
28.400000 6.352300
28.500000 6.398900
28.600000 6.363400
28.700000 6.362100
28.800000 6.325200
28.900000 6.390000
29.000000 6.383900
29.100000 6.364000
29.200000 6.370800
29.300000 6.387800
29.400000 6.387800
29.500000 6.384500
29.600000 6.408300
29.700000 6.409000
29.800000 6.403300
29.900000 6.473900
30.000000 6.455500
30.100000 6.425700
30.200000 6.455400
30.300000 6.416500
30.400000 6.443400
30.500000 6.446800
30.600000 6.463800
30.700000 6.474500
30.800000 6.443400
30.900000 6.455300
31.000000 6.437200
31.100000 6.472500
31.200000 6.411900
31.300000 6.459500
31.400000 6.459600
31.500000 6.480300
31.600000 6.480400
31.700000 6.502300
31.800000 6.487900
31.900000 6.528800
32.000000 6.500900
32.100000 6.489400
32.200000 6.544400
32.300000 6.545500
32.400000 6.547900
32.500000 6.522200
32.600000 6.567800
32.700000 6.526900
32.800000 6.521300
32.900000 6.574200
33.000000 6.499300
33.100000 6.550100
33.200000 6.540000
33.300000 6.549700
33.400000 6.553900
33.500000 6.570700
33.600000 6.615700
33.700000 6.581500
33.800000 6.582300
33.900000 6.562800
34.000000 6.578600
34.100000 6.555200
34.200000 6.581300
34.300000 6.587900
34.400000 6.610900
34.500000 6.621100
34.600000 6.617200
34.700000 6.611700
34.800000 6.631700
34.900000 6.625000
35.000000 6.648400
35.100000 6.635100
35.200000 6.628600
35.300000 6.619100
35.400000 6.658500
35.500000 6.665200
35.600000 6.699500
35.700000 6.645500
35.800000 6.680000
35.900000 6.644100
36.000000 6.649800
36.100000 6.623300
36.200000 6.643400
36.300000 6.692800
36.400000 6.702000
36.500000 6.690500
36.600000 6.707700
36.700000 6.691000
36.800000 6.690800
36.900000 6.709600
37.000000 6.675300
37.100000 6.699400
37.200000 6.712900
37.300000 6.717700
37.400000 6.681700
37.500000 6.742200
37.600000 6.772700
37.700000 6.796900
37.800000 6.724900
37.900000 6.735500
38.000000 6.751700
38.100000 6.747500
38.200000 6.738500
38.300000 6.760500
38.400000 6.739300
38.500000 6.790100
38.600000 6.756700
38.700000 6.806600
38.800000 6.763300
38.900000 6.765000
39.000000 6.749300
39.100000 6.801100
39.200000 6.784700
39.300000 6.764800
39.400000 6.774300
39.500000 6.771800
39.600000 6.772900
39.700000 6.807500
39.800000 6.819600
39.900000 6.814100
40.000000 6.824200
40.100000 6.818200
40.200000 6.778400
40.300000 6.824200
40.400000 6.829900
40.500000 6.852600
40.600000 6.802400
40.700000 6.816700
40.800000 6.802900
40.900000 6.882800
41.000000 6.805900
41.100000 6.864000
41.200000 6.867500
41.300000 6.895900
41.400000 6.870100
41.500000 6.885500
41.600000 6.926600
41.700000 6.902200
41.800000 6.873000
41.900000 6.894400
42.000000 6.900300
42.100000 6.919100
42.200000 6.892300
42.300000 6.919800
42.400000 6.889300
42.500000 6.939100
42.600000 6.885000
42.700000 6.888200
42.800000 6.923100
42.900000 6.926200
43.000000 6.906400
43.100000 6.941300
43.200000 6.941500
43.300000 6.913400
43.400000 6.935200
43.500000 7.001100
43.600000 6.938700
43.700000 6.967300
43.800000 6.919900
43.900000 7.018100
44.000000 6.952600
44.100000 6.964100
44.200000 6.987200
44.300000 6.933700
44.400000 6.979400
44.500000 6.969600
44.600000 6.965400
44.700000 6.969600
44.800000 7.013100
44.900000 6.978300
45.000000 6.958500
45.100000 7.001100
45.200000 6.957500
45.300000 6.985600
45.400000 6.984800
45.500000 6.945300
45.600000 7.009800
45.700000 7.014600
45.800000 7.017800
45.900000 6.975900
46.000000 7.041300
46.100000 6.985200
46.200000 7.008400
46.300000 7.021300
46.400000 7.092500
46.500000 7.003900
46.600000 7.023600
46.700000 7.078500
46.800000 7.060000
46.900000 7.084700
47.000000 7.076000
47.100000 7.007600
47.200000 7.045500
47.300000 7.059900
47.400000 7.047800
47.500000 7.097900
47.600000 7.078900
47.700000 7.064000
47.800000 7.066700
47.900000 7.131200
48.000000 7.085800
48.100000 7.072500
48.200000 7.086100
48.300000 7.029600
48.400000 7.089400
48.500000 7.103200
48.600000 7.072000
48.700000 7.100000
48.800000 7.076500
48.900000 7.085900
49.000000 7.123500
49.100000 7.086800
49.200000 7.147000
49.300000 7.129100
49.400000 7.153200
49.500000 7.088400
49.600000 7.111000
49.700000 7.156600
49.800000 7.122600
49.900000 7.097300
50.000000 7.085700
50.100000 7.124100
50.200000 7.158800
50.300000 7.167800
50.400000 7.208400
50.500000 7.112800
50.600000 7.126500
50.700000 7.182200
50.800000 7.179200
50.900000 7.134500
51.000000 7.098100
51.100000 7.200000
51.200000 7.213300
51.300000 7.193900
51.400000 7.152800
51.500000 7.232200
51.600000 7.142900
51.700000 7.213600
51.800000 7.204900
51.900000 7.195700
52.000000 7.171800
52.100000 7.174000
52.200000 7.181500
52.300000 7.186900
52.400000 7.218200
52.500000 7.244900
52.600000 7.239000
52.700000 7.198700
52.800000 7.225300
52.900000 7.202600
53.000000 7.244300
53.100000 7.212100
53.200000 7.229800
53.300000 7.249800
53.400000 7.226100
53.500000 7.259400
53.600000 7.227400
53.700000 7.256100
53.800000 7.272000
53.900000 7.243700
54.000000 7.281500
54.100000 7.231000
54.200000 7.254400
54.300000 7.261900
54.400000 7.244900
54.500000 7.225400
54.600000 7.276600
54.700000 7.281500
54.800000 7.285500
54.900000 7.309100
55.000000 7.277800
55.100000 7.301000
55.200000 7.285200
55.300000 7.304100
55.400000 7.278800
55.500000 7.310400
55.600000 7.277700
55.700000 7.306100
55.800000 7.310900
55.900000 7.348200
56.000000 7.299500
56.100000 7.342100
56.200000 7.305600
56.300000 7.339100
56.400000 7.281400
56.500000 7.336900
56.600000 7.328100
56.700000 7.332500
56.800000 7.332000
56.900000 7.331400
57.000000 7.347300
57.100000 7.346300
57.200000 7.389400
57.300000 7.300200
57.400000 7.347900
57.500000 7.389700
57.600000 7.365600
57.700000 7.356600
57.800000 7.353200
57.900000 7.415000
58.000000 7.400300
58.100000 7.373700
58.200000 7.376600
58.300000 7.350400
58.400000 7.385000
58.500000 7.391800
58.600000 7.371700
58.700000 7.382500
58.800000 7.357400
58.900000 7.404000
59.000000 7.413100
59.100000 7.380100
59.200000 7.370700
59.300000 7.415900
59.400000 7.399400
59.500000 7.415100
59.600000 7.376700
59.700000 7.430300
59.800000 7.435600
59.900000 7.365900
60.000000 7.423500
60.100000 7.366300
60.200000 7.414800
60.300000 7.433200
60.400000 7.439700
60.500000 7.403600
60.600000 7.442200
60.700000 7.487600
60.800000 7.446000
60.900000 7.454400
61.000000 7.522400
61.100000 7.426100
61.200000 7.442200
61.300000 7.483800
61.400000 7.508700
61.500000 7.447600
61.600000 7.456700
61.700000 7.487900
61.800000 7.507000
61.900000 7.435900
62.000000 7.461700
62.100000 7.498700
62.200000 7.433000
62.300000 7.516000
62.400000 7.518700
62.500000 7.507700
62.600000 7.508600
62.700000 7.523500
62.800000 7.494500
62.900000 7.489600
63.000000 7.495300
63.100000 7.523700
63.200000 7.509700
63.300000 7.473900
63.400000 7.547600
63.500000 7.480900
63.600000 7.502300
63.700000 7.513700
63.800000 7.524100
63.900000 7.550700
64.000000 7.514800
64.100000 7.483900
64.200000 7.511300
64.300000 7.504700
64.400000 7.503400
64.500000 7.543400
64.600000 7.470300
64.700000 7.525900
64.800000 7.516700
64.900000 7.548100
65.000000 7.524300
65.100000 7.547100
65.200000 7.531600
65.300000 7.547700
65.400000 7.557100
65.500000 7.548600
65.600000 7.547000
65.700000 7.596600
65.800000 7.574600
65.900000 7.610400
66.000000 7.580600
66.100000 7.536700
66.200000 7.576900
66.300000 7.616700
66.400000 7.567300
66.500000 7.519400
66.600000 7.587700
66.700000 7.580500
66.800000 7.590200
66.900000 7.600000
67.000000 7.618000
67.100000 7.577400
67.200000 7.642200
67.300000 7.617600
67.400000 7.596900
67.500000 7.565900
67.600000 7.591800
67.700000 7.520300
67.800000 7.634200
67.900000 7.581300
68.000000 7.582200
68.100000 7.596300
68.200000 7.611700
68.300000 7.600600
68.400000 7.592500
68.500000 7.585700
68.600000 7.599000
68.700000 7.623900
68.800000 7.611700
68.900000 7.601100
69.000000 7.657600
69.100000 7.607500
69.200000 7.603200
69.300000 7.621000
69.400000 7.644800
69.500000 7.672200
69.600000 7.646800
69.700000 7.634000
69.800000 7.632300
69.900000 7.626400
70.000000 7.654100
70.100000 7.629000
70.200000 7.706500
70.300000 7.672500
70.400000 7.681300
70.500000 7.653900
70.600000 7.605800
70.700000 7.676400
70.800000 7.708400
70.900000 7.720100
71.000000 7.635400
71.100000 7.663300
71.200000 7.651200
71.300000 7.650300
71.400000 7.690100
71.500000 7.628400
71.600000 7.764400
71.700000 7.699800
71.800000 7.693200
71.900000 7.730800
72.000000 7.716900
72.100000 7.700400
72.200000 7.712100
72.300000 7.722600
72.400000 7.742200
72.500000 7.753600
72.600000 7.632900
72.700000 7.678000
72.800000 7.760400
72.900000 7.722800
73.000000 7.699700
73.100000 7.746300
73.200000 7.711600
73.300000 7.692800
73.400000 7.714500
73.500000 7.709200
73.600000 7.729300
73.700000 7.718500
73.800000 7.710900
73.900000 7.763900
74.000000 7.761300
74.100000 7.717500
74.200000 7.750100
74.300000 7.743100
74.400000 7.746600
74.500000 7.722500
74.600000 7.775400
74.700000 7.781600
74.800000 7.761500
74.900000 7.748000
75.000000 7.707600
75.100000 7.733000
75.200000 7.758100
75.300000 7.757000
75.400000 7.731000
75.500000 7.789900
75.600000 7.770400
75.700000 7.779600
75.800000 7.734700
75.900000 7.741400
76.000000 7.765800
76.100000 7.733800
76.200000 7.810100
76.300000 7.779200
76.400000 7.745300
76.500000 7.793200
76.600000 7.749000
76.700000 7.812400
76.800000 7.759000
76.900000 7.807300
77.000000 7.807100
77.100000 7.791100
77.200000 7.775800
77.300000 7.818600
77.400000 7.763600
77.500000 7.813500
77.600000 7.769300
77.700000 7.786400
77.800000 7.750800
77.900000 7.825500
78.000000 7.816400
78.100000 7.809500
78.200000 7.799600
78.300000 7.810600
78.400000 7.839700
78.500000 7.789300
78.600000 7.815500
78.700000 7.799800
78.800000 7.816400
78.900000 7.858900
79.000000 7.856900
79.100000 7.814300
79.200000 7.840100
79.300000 7.789200
79.400000 7.844700
79.500000 7.810300
79.600000 7.838500
79.700000 7.869500
79.800000 7.824400
79.900000 7.845800
80.000000 7.832900
80.100000 7.805700
80.200000 7.856100
80.300000 7.843900
80.400000 7.806700
80.500000 7.884000
80.600000 7.896500
80.700000 7.877100
80.800000 7.869900
80.900000 7.820200
81.000000 7.842700
81.100000 7.941000
81.200000 7.867300
81.300000 7.810800
81.400000 7.878200
81.500000 7.828300
81.600000 7.887900
81.700000 7.904800
81.800000 7.870700
81.900000 7.888300
82.000000 7.894400
82.100000 7.894900
82.200000 7.865000
82.300000 7.842300
82.400000 7.917400
82.500000 7.875900
82.600000 7.931000
82.700000 7.910300
82.800000 7.874600
82.900000 7.858900
83.000000 7.899000
83.100000 7.960400
83.200000 7.922900
83.300000 7.961000
83.400000 7.891400
83.500000 7.864300
83.600000 7.860500
83.700000 7.927500
83.800000 7.958100
83.900000 7.913800
84.000000 7.874600
84.100000 7.906600
84.200000 7.902000
84.300000 7.945300
84.400000 7.953300
84.500000 7.921700
84.600000 7.934500
84.700000 7.931000
84.800000 7.958300
84.900000 8.001800
85.000000 7.934200
85.100000 7.941700
85.200000 7.944700
85.300000 7.942800
85.400000 7.964900
85.500000 7.991100
85.600000 8.012800
85.700000 7.905800
85.800000 7.909700
85.900000 7.941500
86.000000 7.975100
86.100000 7.949600
86.200000 7.967600
86.300000 7.918400
86.400000 7.940100
86.500000 7.976500
86.600000 7.958600
86.700000 7.982300
86.800000 7.891900
86.900000 8.010800
87.000000 7.950800
87.100000 7.999500
87.200000 8.005900
87.300000 7.983700
87.400000 7.954900
87.500000 7.985700
87.600000 7.960500
87.700000 7.999100
87.800000 7.984100
87.900000 7.989000
88.000000 8.006400
88.100000 7.982800
88.200000 7.992500
88.300000 8.036400
88.400000 7.987500
88.500000 7.986800
88.600000 8.015600
88.700000 8.023300
88.800000 8.058400
88.900000 7.998200
89.000000 7.983600
89.100000 7.980000
89.200000 8.000500
89.300000 7.959900
89.400000 8.027200
89.500000 8.007800
89.600000 8.035900
89.700000 8.013600
89.800000 8.042600
89.900000 7.958300
90.000000 8.040400
90.100000 8.004400
90.200000 8.021400
90.300000 8.005000
90.400000 8.033700
90.500000 8.032700
90.600000 8.029900
90.700000 8.059500
90.800000 8.002800
90.900000 7.994400
91.000000 8.022800
91.100000 8.017200
91.200000 8.021700
91.300000 8.027700
91.400000 8.077900
91.500000 8.012400
91.600000 8.008300
91.700000 8.062000
91.800000 7.984700
91.900000 8.031700
92.000000 8.082100
92.100000 8.035700
92.200000 8.022500
92.300000 8.128300
92.400000 8.040300
92.500000 8.077200
92.600000 8.055200
92.700000 8.072300
92.800000 8.066600
92.900000 8.019800
93.000000 8.064700
93.100000 8.071600
93.200000 8.060600
93.300000 8.084400
93.400000 8.078800
93.500000 8.034500
93.600000 8.058700
93.700000 8.046800
93.800000 8.105100
93.900000 7.990800
94.000000 8.067100
94.100000 8.096600
94.200000 8.052600
94.300000 8.039600
94.400000 8.099400
94.500000 8.060500
94.600000 8.079400
94.700000 8.117100
94.800000 8.151500
94.900000 8.092500
95.000000 8.093600
95.100000 8.085100
95.200000 8.137300
95.300000 8.127800
95.400000 8.126600
95.500000 8.097400
95.600000 8.038100
95.700000 8.124200
95.800000 8.081700
95.900000 8.048200
96.000000 8.082400
96.100000 8.054600
96.200000 8.154500
96.300000 8.079600
96.400000 8.072500
96.500000 8.115100
96.600000 8.093400
96.700000 8.043900
96.800000 8.153100
96.900000 8.173300
97.000000 8.134400
97.100000 8.137600
97.200000 8.140100
97.300000 8.108900
97.400000 8.153700
97.500000 8.158800
97.600000 8.145600
97.700000 8.116400
97.800000 8.125900
97.900000 8.110400
98.000000 8.075400
98.100000 8.180200
98.200000 8.162900
98.300000 8.167200
98.400000 8.143700
98.500000 8.091800
98.600000 8.131800
98.700000 8.127200
98.800000 8.136100
98.900000 8.142200
99.000000 8.156100
99.100000 8.140100
99.200000 8.148900
99.300000 8.133000
99.400000 8.133600
99.500000 8.131400
99.600000 8.183000
99.700000 8.154600
99.800000 8.152000
99.900000 8.146500
100.000000 8.126300
