0.000000 0.000000
0.100000 0.121160
0.200000 0.172635
0.300000 0.217112
0.400000 0.251057
0.500000 0.281552
0.600000 0.308725
0.700000 0.334205
0.800000 0.355411
0.900000 0.375321
1.000000 0.393482
1.100000 0.414434
1.200000 0.430457
1.300000 0.444520
1.400000 0.460547
1.500000 0.475420
1.600000 0.489924
1.700000 0.504195
1.800000 0.518514
1.900000 0.530816
2.000000 0.546976
2.100000 0.557032
2.200000 0.573212
2.300000 0.586804
2.400000 0.599460
2.500000 0.612940
2.600000 0.624233
2.700000 0.637259
2.800000 0.647578
2.900000 0.658263
3.000000 0.666779
3.100000 0.677767
3.200000 0.685859
3.300000 0.696389
3.400000 0.705488
3.500000 0.714350
3.600000 0.723506
3.700000 0.731178
3.800000 0.740540
3.900000 0.749342
4.000000 0.757027
4.100000 0.764000
4.200000 0.772114
4.300000 0.782072
4.400000 0.789299
4.500000 0.796549
4.600000 0.805959
4.700000 0.815677
4.800000 0.822807
4.900000 0.832769
5.000000 0.840555
5.100000 0.848793
5.200000 0.855594
5.300000 0.863884
5.400000 0.871925
5.500000 0.880934
5.600000 0.888580
5.700000 0.895337
5.800000 0.901369
5.900000 0.906980
6.000000 0.911710
6.100000 0.919312
6.200000 0.925380
6.300000 0.933284
6.400000 0.938428
6.500000 0.946563
6.600000 0.954725
6.700000 0.962568
6.800000 0.968152
6.900000 0.975777
7.000000 0.983321
7.100000 0.988483
7.200000 0.992903
7.300000 0.999596
7.400000 1.006772
7.500000 1.011360
7.600000 1.017071
7.700000 1.023143
7.800000 1.028564
7.900000 1.032741
8.000000 1.042227
8.100000 1.049039
8.200000 1.054705
8.300000 1.059960
8.400000 1.066063
8.500000 1.068724
8.600000 1.075103
8.700000 1.082183
8.800000 1.087452
8.900000 1.093869
9.000000 1.099578
9.100000 1.106051
9.200000 1.112012
9.300000 1.119130
9.400000 1.124115
9.500000 1.131395
9.600000 1.136538
9.700000 1.143947
9.800000 1.148781
9.900000 1.155836
10.000000 1.163375
10.100000 1.170518
10.200000 1.175969
10.300000 1.180354
10.400000 1.184860
10.500000 1.189826
10.600000 1.195082
10.700000 1.199441
10.800000 1.205709
10.900000 1.208703
11.000000 1.214494
11.100000 1.221840
11.200000 1.226612
11.300000 1.231340
11.400000 1.235417
11.500000 1.240305
11.600000 1.245973
11.700000 1.251425
11.800000 1.258057
11.900000 1.263877
12.000000 1.268741
12.100000 1.272513
12.200000 1.278783
12.300000 1.285548
12.400000 1.290936
12.500000 1.297371
12.600000 1.298607
12.700000 1.304139
12.800000 1.308431
12.900000 1.312598
13.000000 1.316090
13.100000 1.323657
13.200000 1.330089
13.300000 1.333864
13.400000 1.338892
13.500000 1.343913
13.600000 1.349176
13.700000 1.354141
13.800000 1.360351
13.900000 1.364990
14.000000 1.368162
14.100000 1.373054
14.200000 1.379302
14.300000 1.383588
14.400000 1.385993
14.500000 1.391048
14.600000 1.395710
14.700000 1.401307
14.800000 1.405633
14.900000 1.408963
15.000000 1.414510
15.100000 1.418751
15.200000 1.422496
15.300000 1.427392
15.400000 1.431033
15.500000 1.434464
15.600000 1.441020
15.700000 1.445949
15.800000 1.447172
15.900000 1.453078
16.000000 1.457992
16.100000 1.461995
16.200000 1.465407
16.300000 1.470363
16.400000 1.476145
16.500000 1.481856
16.600000 1.485872
16.700000 1.489404
16.800000 1.491741
16.900000 1.496510
17.000000 1.500109
17.100000 1.504383
17.200000 1.506890
17.300000 1.511023
17.400000 1.513562
17.500000 1.518164
17.600000 1.520241
17.700000 1.524564
17.800000 1.527515
17.900000 1.530252
18.000000 1.534080
18.100000 1.537918
18.200000 1.540935
18.300000 1.547118
18.400000 1.550251
18.500000 1.554105
18.600000 1.557311
18.700000 1.559359
18.800000 1.564674
18.900000 1.568812
19.000000 1.573668
19.100000 1.580207
19.200000 1.584784
19.300000 1.584572
19.400000 1.588632
19.500000 1.591052
19.600000 1.594228
19.700000 1.598686
19.800000 1.601319
19.900000 1.606303
20.000000 1.608014
20.100000 1.609365
20.200000 1.611790
20.300000 1.615943
20.400000 1.618142
20.500000 1.620370
20.600000 1.624654
20.700000 1.628295
20.800000 1.632890
20.900000 1.637136
21.000000 1.641351
21.100000 1.644824
21.200000 1.647703
21.300000 1.651421
21.400000 1.652992
21.500000 1.655438
21.600000 1.660985
21.700000 1.663003
21.800000 1.664275
21.900000 1.666601
22.000000 1.668667
22.100000 1.672672
22.200000 1.677795
22.300000 1.680683
22.400000 1.685120
22.500000 1.688110
22.600000 1.688392
22.700000 1.690124
22.800000 1.694430
22.900000 1.698139
23.000000 1.701876
23.100000 1.706075
23.200000 1.710979
23.300000 1.712052
23.400000 1.715931
23.500000 1.720496
23.600000 1.724968
23.700000 1.730568
23.800000 1.732746
23.900000 1.734774
24.000000 1.737955
24.100000 1.740843
24.200000 1.745061
24.300000 1.745181
24.400000 1.746607
24.500000 1.749835
24.600000 1.752948
24.700000 1.757422
24.800000 1.760674
24.900000 1.762704
25.000000 1.763558
25.100000 1.764192
25.200000 1.766335
25.300000 1.767395
25.400000 1.773186
25.500000 1.774718
25.600000 1.776552
25.700000 1.780065
25.800000 1.783556
25.900000 1.788683
26.000000 1.793635
26.100000 1.797821
26.200000 1.802149
26.300000 1.804489
26.400000 1.806516
26.500000 1.811413
26.600000 1.813593
26.700000 1.818168
26.800000 1.819008
26.900000 1.821075
27.000000 1.825131
27.100000 1.827968
27.200000 1.828850
27.300000 1.830598
27.400000 1.834996
27.500000 1.836532
27.600000 1.837145
27.700000 1.839920
27.800000 1.843314
27.900000 1.846236
28.000000 1.851042
28.100000 1.852654
28.200000 1.855376
28.300000 1.857746
28.400000 1.859699
28.500000 1.860637
28.600000 1.864681
28.700000 1.867437
28.800000 1.870555
28.900000 1.872839
29.000000 1.874914
29.100000 1.876538
29.200000 1.879655
29.300000 1.882498
29.400000 1.882625
29.500000 1.885906
29.600000 1.885366
29.700000 1.885578
29.800000 1.886549
29.900000 1.888535
30.000000 1.891966
30.100000 1.892286
30.200000 1.893921
30.300000 1.897502
30.400000 1.898940
30.500000 1.898975
30.600000 1.902263
30.700000 1.902882
30.800000 1.905273
30.900000 1.907009
31.000000 1.910289
31.100000 1.912871
31.200000 1.916047
31.300000 1.919576
31.400000 1.923010
31.500000 1.925991
31.600000 1.928738
31.700000 1.930686
31.800000 1.932164
31.900000 1.932965
32.000000 1.932063
32.100000 1.933785
32.200000 1.936941
32.300000 1.941488
32.400000 1.943753
32.500000 1.943557
32.600000 1.945665
32.700000 1.949295
32.800000 1.953495
32.900000 1.952026
33.000000 1.955104
33.100000 1.957673
33.200000 1.958783
33.300000 1.961540
33.400000 1.964833
33.500000 1.966025
33.600000 1.968662
33.700000 1.969779
33.800000 1.971430
33.900000 1.970695
34.000000 1.973422
34.100000 1.973677
34.200000 1.976269
34.300000 1.978427
34.400000 1.982758
34.500000 1.985852
34.600000 1.988411
34.700000 1.988857
34.800000 1.990770
34.900000 1.991549
35.000000 1.995034
35.100000 1.998027
35.200000 1.999583
35.300000 2.001886
35.400000 2.003929
35.500000 2.005070
35.600000 2.007340
35.700000 2.008783
35.800000 2.011111
35.900000 2.011564
36.000000 2.012473
36.100000 2.013432
36.200000 2.014592
36.300000 2.019904
36.400000 2.021481
36.500000 2.023256
36.600000 2.023485
36.700000 2.024006
36.800000 2.026117
36.900000 2.030159
37.000000 2.034867
37.100000 2.036816
37.200000 2.038773
37.300000 2.039677
37.400000 2.042878
37.500000 2.045102
37.600000 2.045312
37.700000 2.047021
37.800000 2.048972
37.900000 2.048325
38.000000 2.049708
38.100000 2.048679
38.200000 2.051246
38.300000 2.054172
38.400000 2.054024
38.500000 2.055342
38.600000 2.057985
38.700000 2.060196
38.800000 2.062227
38.900000 2.065333
39.000000 2.065944
39.100000 2.067768
39.200000 2.068932
39.300000 2.073254
39.400000 2.075693
39.500000 2.078973
39.600000 2.080527
39.700000 2.082877
39.800000 2.087504
39.900000 2.088425
40.000000 2.090601
40.100000 2.093071
40.200000 2.094632
40.300000 2.096128
40.400000 2.100550
40.500000 2.099582
40.600000 2.100409
40.700000 2.101594
40.800000 2.105299
40.900000 2.106879
41.000000 2.107870
41.100000 2.107955
41.200000 2.109871
41.300000 2.112389
41.400000 2.115711
41.500000 2.116789
41.600000 2.119141
41.700000 2.122514
41.800000 2.123504
41.900000 2.128549
42.000000 2.128949
42.100000 2.131227
42.200000 2.133926
42.300000 2.136025
42.400000 2.138480
42.500000 2.140206
42.600000 2.144374
42.700000 2.146235
42.800000 2.146546
42.900000 2.149052
43.000000 2.152673
43.100000 2.154904
43.200000 2.154169
43.300000 2.157757
43.400000 2.159632
43.500000 2.162319
43.600000 2.164069
43.700000 2.167531
43.800000 2.170102
43.900000 2.173604
44.000000 2.175050
44.100000 2.176475
44.200000 2.177960
44.300000 2.179778
44.400000 2.180859
44.500000 2.183750
44.600000 2.184104
44.700000 2.187556
44.800000 2.188824
44.900000 2.190637
45.000000 2.191722
45.100000 2.194832
45.200000 2.196101
45.300000 2.196240
45.400000 2.198644
45.500000 2.200739
45.600000 2.203162
45.700000 2.206678
45.800000 2.207200
45.900000 2.209122
46.000000 2.211207
46.100000 2.212373
46.200000 2.215505
46.300000 2.217964
46.400000 2.220132
46.500000 2.226037
46.600000 2.229742
46.700000 2.231402
46.800000 2.231288
46.900000 2.232302
47.000000 2.235781
47.100000 2.238282
47.200000 2.238253
47.300000 2.240816
47.400000 2.243721
47.500000 2.245314
47.600000 2.244823
47.700000 2.247187
47.800000 2.249463
47.900000 2.251183
48.000000 2.252622
48.100000 2.252182
48.200000 2.252535
48.300000 2.255663
48.400000 2.258134
48.500000 2.261272
48.600000 2.262878
48.700000 2.264630
48.800000 2.265333
48.900000 2.266385
49.000000 2.267785
49.100000 2.269812
49.200000 2.271133
49.300000 2.271869
49.400000 2.272007
49.500000 2.275636
49.600000 2.277626
49.700000 2.276325
49.800000 2.279017
49.900000 2.280514
50.000000 2.278686
50.100000 2.277850
50.200000 2.278733
50.300000 2.279733
50.400000 2.281022
50.500000 2.282779
50.600000 2.284425
50.700000 2.286221
50.800000 2.285457
50.900000 2.289372
51.000000 2.289315
51.100000 2.290171
51.200000 2.291395
51.300000 2.294003
51.400000 2.296496
51.500000 2.298723
51.600000 2.299286
51.700000 2.301511
51.800000 2.301244
51.900000 2.303781
52.000000 2.305631
52.100000 2.305504
52.200000 2.307451
52.300000 2.308601
52.400000 2.307602
52.500000 2.309961
52.600000 2.312918
52.700000 2.313984
52.800000 2.314111
52.900000 2.315988
53.000000 2.317601
53.100000 2.317894
53.200000 2.320658
53.300000 2.322926
53.400000 2.323315
53.500000 2.324300
53.600000 2.326726
53.700000 2.325926
53.800000 2.325708
53.900000 2.327279
54.000000 2.328700
54.100000 2.329982
54.200000 2.332722
54.300000 2.335190
54.400000 2.338828
54.500000 2.340538
54.600000 2.344200
54.700000 2.343873
54.800000 2.344218
54.900000 2.346084
55.000000 2.348199
55.100000 2.350017
55.200000 2.350114
55.300000 2.351289
55.400000 2.351707
55.500000 2.353673
55.600000 2.354497
55.700000 2.355644
55.800000 2.354685
55.900000 2.355509
56.000000 2.356787
56.100000 2.358303
56.200000 2.360198
56.300000 2.359955
56.400000 2.362200
56.500000 2.363574
56.600000 2.363015
56.700000 2.364680
56.800000 2.364587
56.900000 2.365624
57.000000 2.364279
57.100000 2.365396
57.200000 2.367230
57.300000 2.366551
57.400000 2.369623
57.500000 2.371451
57.600000 2.369765
57.700000 2.370703
57.800000 2.370395
57.900000 2.370748
58.000000 2.371399
58.100000 2.373477
58.200000 2.378676
58.300000 2.380792
58.400000 2.381542
58.500000 2.381227
58.600000 2.382023
58.700000 2.381285
58.800000 2.382982
58.900000 2.385134
59.000000 2.382487
59.100000 2.383335
59.200000 2.385873
59.300000 2.387184
59.400000 2.386054
59.500000 2.386658
59.600000 2.385920
59.700000 2.386801
59.800000 2.388712
59.900000 2.390417
60.000000 2.390556
60.100000 2.391707
60.200000 2.392485
60.300000 2.391450
60.400000 2.391506
60.500000 2.392757
60.600000 2.392675
60.700000 2.392982
60.800000 2.393875
60.900000 2.396850
61.000000 2.396426
61.100000 2.397671
61.200000 2.399257
61.300000 2.400513
61.400000 2.401509
61.500000 2.401965
61.600000 2.402358
61.700000 2.402298
61.800000 2.403253
61.900000 2.407895
62.000000 2.408674
62.100000 2.410778
62.200000 2.410566
62.300000 2.411723
62.400000 2.410891
62.500000 2.411141
62.600000 2.412328
62.700000 2.411977
62.800000 2.412356
62.900000 2.412678
63.000000 2.412381
63.100000 2.413016
63.200000 2.415539
63.300000 2.417564
63.400000 2.418841
63.500000 2.421772
63.600000 2.422760
63.700000 2.423983
63.800000 2.423006
63.900000 2.422994
64.000000 2.425439
64.100000 2.426193
64.200000 2.428148
64.300000 2.430434
64.400000 2.431041
64.500000 2.430106
64.600000 2.431082
64.700000 2.431555
64.800000 2.435596
64.900000 2.436706
65.000000 2.439485
65.100000 2.437535
65.200000 2.437444
65.300000 2.438715
65.400000 2.442533
65.500000 2.443661
65.600000 2.444378
65.700000 2.444036
65.800000 2.446156
65.900000 2.446045
66.000000 2.446463
66.100000 2.447112
66.200000 2.447300
66.300000 2.449736
66.400000 2.451415
66.500000 2.452576
66.600000 2.452925
66.700000 2.453387
66.800000 2.453839
66.900000 2.454276
67.000000 2.455161
67.100000 2.456033
67.200000 2.455240
67.300000 2.458128
67.400000 2.458943
67.500000 2.458948
67.600000 2.459539
67.700000 2.461331
67.800000 2.463061
67.900000 2.463911
68.000000 2.465272
68.100000 2.466304
68.200000 2.465335
68.300000 2.466042
68.400000 2.464233
68.500000 2.462623
68.600000 2.462999
68.700000 2.464584
68.800000 2.465978
68.900000 2.467954
69.000000 2.468384
69.100000 2.471301
69.200000 2.472230
69.300000 2.473589
69.400000 2.472941
69.500000 2.473563
69.600000 2.475206
69.700000 2.476371
69.800000 2.476648
69.900000 2.478098
70.000000 2.475469
70.100000 2.474855
70.200000 2.474904
70.300000 2.475887
70.400000 2.479303
70.500000 2.481574
70.600000 2.482825
70.700000 2.485069
70.800000 2.485084
70.900000 2.484759
71.000000 2.486589
71.100000 2.488370
71.200000 2.489954
71.300000 2.492823
71.400000 2.493361
71.500000 2.491588
71.600000 2.491656
71.700000 2.492156
71.800000 2.493566
71.900000 2.494886
72.000000 2.497480
72.100000 2.499237
72.200000 2.501869
72.300000 2.503483
72.400000 2.504652
72.500000 2.507019
72.600000 2.507516
72.700000 2.508615
72.800000 2.509802
72.900000 2.511507
73.000000 2.512282
73.100000 2.514272
73.200000 2.513656
73.300000 2.514306
73.400000 2.514909
73.500000 2.516524
73.600000 2.520145
73.700000 2.522861
73.800000 2.523985
73.900000 2.525606
74.000000 2.525821
74.100000 2.523044
74.200000 2.522034
74.300000 2.522718
74.400000 2.523783
74.500000 2.524708
74.600000 2.525035
74.700000 2.523605
74.800000 2.525347
74.900000 2.526303
75.000000 2.528685
75.100000 2.531305
75.200000 2.532433
75.300000 2.534706
75.400000 2.538521
75.500000 2.539592
75.600000 2.540189
75.700000 2.542171
75.800000 2.541788
75.900000 2.543457
76.000000 2.541086
76.100000 2.540222
76.200000 2.541029
76.300000 2.543704
76.400000 2.541688
76.500000 2.541006
76.600000 2.541154
76.700000 2.541512
76.800000 2.541288
76.900000 2.543489
77.000000 2.543556
77.100000 2.543213
77.200000 2.545356
77.300000 2.545241
77.400000 2.544376
77.500000 2.545353
77.600000 2.545214
77.700000 2.546020
77.800000 2.546313
77.900000 2.549637
78.000000 2.549886
78.100000 2.548168
78.200000 2.548890
78.300000 2.548306
78.400000 2.551365
78.500000 2.552187
78.600000 2.554466
78.700000 2.556875
78.800000 2.559507
78.900000 2.560476
79.000000 2.560190
79.100000 2.562110
79.200000 2.560494
79.300000 2.561010
79.400000 2.563420
79.500000 2.563781
79.600000 2.567847
79.700000 2.570288
79.800000 2.570966
79.900000 2.572840
80.000000 2.574127
80.100000 2.577281
80.200000 2.578136
80.300000 2.578880
80.400000 2.580106
80.500000 2.582131
80.600000 2.585133
80.700000 2.586231
80.800000 2.586815
80.900000 2.587896
81.000000 2.587455
81.100000 2.587585
81.200000 2.591460
81.300000 2.591610
81.400000 2.593259
81.500000 2.595178
81.600000 2.596112
81.700000 2.597445
81.800000 2.598283
81.900000 2.596236
82.000000 2.596669
82.100000 2.597425
82.200000 2.597362
82.300000 2.597629
82.400000 2.597480
82.500000 2.597889
82.600000 2.599772
82.700000 2.601531
82.800000 2.601301
82.900000 2.602554
83.000000 2.601108
83.100000 2.600890
83.200000 2.598878
83.300000 2.600089
83.400000 2.602129
83.500000 2.604736
83.600000 2.608117
83.700000 2.608264
83.800000 2.610245
83.900000 2.610314
84.000000 2.611553
84.100000 2.610930
84.200000 2.609980
84.300000 2.612739
84.400000 2.610589
84.500000 2.609007
84.600000 2.609810
84.700000 2.609234
84.800000 2.609909
84.900000 2.610363
85.000000 2.611898
85.100000 2.612213
85.200000 2.613737
85.300000 2.614393
85.400000 2.617564
85.500000 2.619449
85.600000 2.619419
85.700000 2.620571
85.800000 2.620857
85.900000 2.621927
86.000000 2.622854
86.100000 2.625976
86.200000 2.626108
86.300000 2.627635
86.400000 2.627586
86.500000 2.629739
86.600000 2.632352
86.700000 2.632552
86.800000 2.633503
86.900000 2.634586
87.000000 2.635866
87.100000 2.636176
87.200000 2.637670
87.300000 2.638765
87.400000 2.640885
87.500000 2.639261
87.600000 2.639466
87.700000 2.640893
87.800000 2.640176
87.900000 2.641005
88.000000 2.641031
88.100000 2.642136
88.200000 2.642813
88.300000 2.643685
88.400000 2.643325
88.500000 2.641985
88.600000 2.643181
88.700000 2.641876
88.800000 2.644035
88.900000 2.645210
89.000000 2.647920
89.100000 2.650688
89.200000 2.652266
89.300000 2.651024
89.400000 2.651904
89.500000 2.651388
89.600000 2.653183
89.700000 2.653726
89.800000 2.653800
89.900000 2.655955
90.000000 2.656355
90.100000 2.655574
90.200000 2.655662
90.300000 2.660765
90.400000 2.659929
90.500000 2.660908
90.600000 2.661965
90.700000 2.662724
90.800000 2.664842
90.900000 2.665640
91.000000 2.664759
91.100000 2.666871
91.200000 2.668354
91.300000 2.670865
91.400000 2.674246
91.500000 2.676379
91.600000 2.677416
91.700000 2.677099
91.800000 2.679439
91.900000 2.680112
92.000000 2.679005
92.100000 2.679260
92.200000 2.675338
92.300000 2.677963
92.400000 2.677271
92.500000 2.677184
92.600000 2.678041
92.700000 2.680780
92.800000 2.683028
92.900000 2.680248
93.000000 2.681569
93.100000 2.683770
93.200000 2.687833
93.300000 2.690101
93.400000 2.694062
93.500000 2.694363
93.600000 2.696312
93.700000 2.694740
93.800000 2.697632
93.900000 2.697121
94.000000 2.697859
94.100000 2.701274
94.200000 2.702481
94.300000 2.703561
94.400000 2.705563
94.500000 2.708212
94.600000 2.710647
94.700000 2.713125
94.800000 2.714858
94.900000 2.712824
95.000000 2.714214
95.100000 2.715645
95.200000 2.713348
95.300000 2.713621
95.400000 2.714675
95.500000 2.714537
95.600000 2.715185
95.700000 2.715116
95.800000 2.715743
95.900000 2.716054
96.000000 2.718539
96.100000 2.715619
96.200000 2.715608
96.300000 2.717323
96.400000 2.717435
96.500000 2.719911
96.600000 2.723227
96.700000 2.726459
96.800000 2.727704
96.900000 2.729445
97.000000 2.730763
97.100000 2.731854
97.200000 2.733501
97.300000 2.734819
97.400000 2.736385
97.500000 2.735019
97.600000 2.735134
97.700000 2.733685
97.800000 2.733944
97.900000 2.735598
98.000000 2.736294
98.100000 2.734997
98.200000 2.735417
98.300000 2.736816
98.400000 2.738432
98.500000 2.737964
98.600000 2.737513
98.700000 2.740473
98.800000 2.740663
98.900000 2.742653
99.000000 2.741394
99.100000 2.742596
99.200000 2.744337
99.300000 2.745562
99.400000 2.745243
99.500000 2.747478
99.600000 2.746688
99.700000 2.746692
99.800000 2.745043
99.900000 2.746661
100.000000 2.748391


0.000000 0.000000
0.100000 9.137139
0.200000 9.131125
0.300000 9.121986
0.400000 9.181766
0.500000 9.106818
0.600000 9.197870
0.700000 9.156717
0.800000 9.194599
0.900000 9.206921
1.000000 9.223379
1.100000 9.146556
1.200000 9.133640
1.300000 9.161584
1.400000 9.179055
1.500000 9.073275
1.600000 9.151294
1.700000 9.154222
1.800000 9.131278
1.900000 9.158983
2.000000 9.149519
2.100000 9.150995
2.200000 9.089906
2.300000 9.208845
2.400000 9.225052
2.500000 9.132553
2.600000 9.111190
2.700000 9.124829
2.800000 9.194036
2.900000 9.135037
3.000000 9.138330
3.100000 9.140097
3.200000 9.137496
3.300000 9.140973
3.400000 9.105579
3.500000 9.087953
3.600000 9.177325
3.700000 9.150602
3.800000 9.194441
3.900000 9.092306
4.000000 9.135131
4.100000 9.086440
4.200000 9.096866
4.300000 9.121300
4.400000 9.151611
4.500000 9.001891
4.600000 9.153874
4.700000 9.109083
4.800000 9.129004
4.900000 9.087448
5.000000 9.169187
5.100000 9.125400
5.200000 9.179648
5.300000 9.092683
5.400000 9.114056
5.500000 8.991058
5.600000 9.157383
5.700000 9.181119
5.800000 9.043331
5.900000 9.132839
6.000000 9.148064
6.100000 9.062710
6.200000 9.086749
6.300000 9.183978
6.400000 9.101734
6.500000 9.086841
6.600000 9.135845
6.700000 9.107369
6.800000 9.110624
6.900000 9.067538
7.000000 9.098023
7.100000 9.137630
7.200000 9.033572
7.300000 9.020526
7.400000 9.051371
7.500000 9.167252
7.600000 9.085375
7.700000 9.112049
7.800000 9.133513
7.900000 9.097058
8.000000 9.110716
8.100000 9.134284
8.200000 9.138672
8.300000 9.183902
8.400000 9.061948
8.500000 9.097496
8.600000 9.046031
8.700000 9.093874
8.800000 9.061336
8.900000 9.091026
9.000000 9.125754
9.100000 9.094952
9.200000 9.007571
9.300000 9.104829
9.400000 9.131204
9.500000 9.110469
9.600000 9.171279
9.700000 9.075492
9.800000 9.119124
9.900000 9.112143
10.000000 9.102212
10.100000 9.141814
10.200000 9.077147
10.300000 9.090030
10.400000 9.047084
10.500000 9.074739
10.600000 9.105058
10.700000 9.101113
10.800000 9.081566
10.900000 9.102292
11.000000 9.089431
11.100000 9.119175
11.200000 9.043554
11.300000 9.120142
11.400000 9.172312
11.500000 9.095888
11.600000 9.077456
11.700000 9.081779
11.800000 9.126420
11.900000 9.111301
12.000000 9.048627
12.100000 8.994527
12.200000 9.133185
12.300000 9.157962
12.400000 9.127823
12.500000 9.086063
12.600000 9.167576
12.700000 9.155944
12.800000 9.096534
12.900000 9.189688
13.000000 9.115009
13.100000 9.118067
13.200000 9.146695
13.300000 9.091642
13.400000 9.151653
13.500000 9.157127
13.600000 9.147013
13.700000 9.113415
13.800000 9.080654
13.900000 9.104643
14.000000 9.131262
14.100000 9.080313
14.200000 9.152586
14.300000 9.057193
14.400000 9.090321
14.500000 9.119185
14.600000 9.095958
14.700000 9.100522
14.800000 9.095445
14.900000 9.064404
15.000000 9.134255
15.100000 9.098207
15.200000 9.089915
15.300000 9.160594
15.400000 9.114847
15.500000 9.067876
15.600000 9.128365
15.700000 9.147995
15.800000 9.078783
15.900000 9.092841
16.000000 9.105105
16.100000 9.117242
16.200000 9.127164
16.300000 9.083091
16.400000 9.074729
16.500000 9.107651
16.600000 9.137904
16.700000 9.128831
16.800000 9.135247
16.900000 9.158489
17.000000 9.172892
17.100000 9.111018
17.200000 9.044552
17.300000 9.159565
17.400000 9.104922
17.500000 9.161644
17.600000 9.096018
17.700000 9.094552
17.800000 9.097397
17.900000 9.160634
18.000000 9.142865
18.100000 9.145571
18.200000 9.086144
18.300000 9.154463
18.400000 9.171739
18.500000 9.081432
18.600000 9.186413
18.700000 9.032136
18.800000 9.094654
18.900000 9.178887
19.000000 9.089577
19.100000 9.083796
19.200000 9.143083
19.300000 9.122903
19.400000 9.090864
19.500000 9.151085
19.600000 9.101849
19.700000 9.199833
19.800000 9.114153
19.900000 9.154168
20.000000 9.199341
20.100000 9.110449
20.200000 9.094262
20.300000 9.145922
20.400000 9.113882
20.500000 9.103655
20.600000 9.102493
20.700000 9.119292
20.800000 9.102427
20.900000 9.076611
21.000000 9.204777
21.100000 9.139624
21.200000 9.077618
21.300000 9.113466
21.400000 9.128066
21.500000 9.136779
21.600000 9.128217
21.700000 9.117383
21.800000 9.120003
21.900000 9.152187
22.000000 9.096843
22.100000 9.119653
22.200000 9.163365
22.300000 9.211537
22.400000 9.132025
22.500000 9.162026
22.600000 9.106488
22.700000 9.093133
22.800000 9.150441
22.900000 9.099966
23.000000 9.075850
23.100000 9.139622
23.200000 9.111754
23.300000 9.106730
23.400000 9.143522
23.500000 9.085168
23.600000 9.193236
23.700000 9.197166
23.800000 9.163678
23.900000 9.171277
24.000000 9.207316
24.100000 9.062750
24.200000 9.164447
24.300000 9.158185
24.400000 9.139625
24.500000 9.103544
24.600000 9.159972
24.700000 9.143996
24.800000 9.072432
24.900000 9.119742
25.000000 9.138107
25.100000 9.202981
25.200000 9.130872
25.300000 9.160218
25.400000 9.092690
25.500000 9.129363
25.600000 9.185769
25.700000 9.196660
25.800000 9.167231
25.900000 9.141049
26.000000 9.129517
26.100000 9.143626
26.200000 9.160890
26.300000 9.127064
26.400000 9.167043
26.500000 9.037295
26.600000 9.173258
26.700000 9.180296
26.800000 9.111650
26.900000 9.166774
27.000000 9.153225
27.100000 9.099855
27.200000 9.164632
27.300000 9.275088
27.400000 9.108517
27.500000 9.100442
27.600000 9.150922
27.700000 9.169041
27.800000 9.152300
27.900000 9.165194
28.000000 9.207256
28.100000 9.146833
28.200000 9.156940
28.300000 9.180755
28.400000 9.127437
28.500000 9.106019
28.600000 9.177836
28.700000 9.189219
28.800000 9.273549
28.900000 9.079097
29.000000 9.097546
29.100000 9.112444
29.200000 9.135103
29.300000 9.234111
29.400000 9.078736
29.500000 9.144653
29.600000 9.150283
29.700000 9.154509
29.800000 9.149151
29.900000 9.148610
30.000000 9.132064
30.100000 9.108601
30.200000 9.124624
30.300000 9.253767
30.400000 9.135571
30.500000 9.167447
30.600000 9.065844
30.700000 9.119233
30.800000 9.192783
30.900000 9.111277
31.000000 9.226175
31.100000 9.102249
31.200000 9.137264
31.300000 9.172622
31.400000 9.133738
31.500000 9.203770
31.600000 9.195382
31.700000 9.167334
31.800000 9.144938
31.900000 9.185848
32.000000 9.175207
32.100000 9.181835
32.200000 9.096117
32.300000 9.114452
32.400000 9.123367
32.500000 9.208916
32.600000 9.288241
32.700000 9.180871
32.800000 9.168871
32.900000 9.190398
33.000000 9.134903
33.100000 9.193928
33.200000 9.147913
33.300000 9.080069
33.400000 9.218877
33.500000 9.207076
33.600000 9.157014
33.700000 9.078532
33.800000 9.120894
33.900000 9.123696
34.000000 9.156741
34.100000 9.142639
34.200000 9.126343
34.300000 9.198113
34.400000 9.137032
34.500000 9.104263
34.600000 9.179051
34.700000 9.131283
34.800000 9.183223
34.900000 9.211981
35.000000 9.115945
35.100000 9.182052
35.200000 9.203956
35.300000 9.168885
35.400000 9.160667
35.500000 9.123025
35.600000 9.121469
35.700000 9.189195
35.800000 9.109786
35.900000 9.157562
36.000000 9.185213
36.100000 9.197501
36.200000 9.130740
36.300000 9.144202
36.400000 9.209889
36.500000 9.187039
36.600000 9.154691
36.700000 9.094320
36.800000 9.195996
36.900000 9.041739
37.000000 9.135661
37.100000 9.118083
37.200000 9.082909
37.300000 9.160241
37.400000 9.208742
37.500000 9.150081
37.600000 9.152724
37.700000 9.213616
37.800000 9.179148
37.900000 9.201398
38.000000 9.093644
38.100000 9.150057
38.200000 9.195610
38.300000 9.129314
38.400000 9.052747
38.500000 9.089294
38.600000 9.077659
38.700000 9.118407
38.800000 9.108617
38.900000 9.130172
39.000000 9.217567
39.100000 9.123485
39.200000 9.259028
39.300000 9.158626
39.400000 9.182074
39.500000 9.136089
39.600000 9.129126
39.700000 9.173399
39.800000 9.155933
39.900000 9.167342
40.000000 9.124545
40.100000 9.096353
40.200000 9.176695
40.300000 9.153590
40.400000 9.142267
40.500000 9.130301
40.600000 9.162754
40.700000 9.134449
40.800000 9.160843
40.900000 9.121781
41.000000 9.193382
41.100000 9.219269
41.200000 9.161574
41.300000 9.080865
41.400000 9.133825
41.500000 9.107282
41.600000 9.162416
41.700000 9.176258
41.800000 9.134077
41.900000 9.201205
42.000000 9.112438
42.100000 9.136598
42.200000 9.180060
42.300000 9.132056
42.400000 9.162839
42.500000 9.163193
42.600000 9.131137
42.700000 9.165847
42.800000 9.090374
42.900000 9.092658
43.000000 9.149971
43.100000 9.142830
43.200000 9.149752
43.300000 9.171348
43.400000 9.162825
43.500000 9.146601
43.600000 9.113041
43.700000 9.156608
43.800000 9.140420
43.900000 9.186687
44.000000 9.082370
44.100000 9.158107
44.200000 9.189331
44.300000 9.182214
44.400000 9.264015
44.500000 9.172873
44.600000 9.148713
44.700000 9.175024
44.800000 9.111877
44.900000 9.174929
45.000000 9.118884
45.100000 9.122307
45.200000 9.125642
45.300000 9.161688
45.400000 9.175982
45.500000 9.133636
45.600000 9.120598
45.700000 9.129928
45.800000 9.172578
45.900000 9.093253
46.000000 9.198612
46.100000 9.156881
46.200000 9.135799
46.300000 9.094051
46.400000 9.153440
46.500000 9.153576
46.600000 9.103146
46.700000 9.031420
46.800000 9.149067
46.900000 9.100365
47.000000 9.181637
47.100000 9.135373
47.200000 9.173328
47.300000 9.105028
47.400000 9.148006
47.500000 9.207429
47.600000 9.146148
47.700000 9.123973
47.800000 9.134722
47.900000 9.193791
48.000000 9.099731
48.100000 9.143147
48.200000 9.142268
48.300000 9.222034
48.400000 9.101058
48.500000 9.112161
48.600000 9.183369
48.700000 9.101789
48.800000 9.109353
48.900000 9.076683
49.000000 9.192157
49.100000 9.130253
49.200000 9.124416
49.300000 9.139229
49.400000 9.171229
49.500000 9.125730
49.600000 9.151522
49.700000 9.103658
49.800000 9.092256
49.900000 9.037405
50.000000 9.164212
50.100000 9.142435
50.200000 9.147767
50.300000 9.120017
50.400000 9.118077
50.500000 9.157972
50.600000 9.127051
50.700000 9.125251
50.800000 9.149922
50.900000 9.200118
51.000000 9.165707
51.100000 9.138374
51.200000 9.074356
51.300000 9.117249
51.400000 9.088058
51.500000 9.077145
51.600000 9.140341
51.700000 9.196881
51.800000 9.111808
51.900000 9.137769
52.000000 9.189540
52.100000 9.044732
52.200000 9.144231
52.300000 9.170300
52.400000 9.092953
52.500000 9.148112
52.600000 9.075158
52.700000 9.134235
52.800000 9.131127
52.900000 9.135572
53.000000 9.127652
53.100000 9.150530
53.200000 9.046397
53.300000 9.073691
53.400000 9.091748
53.500000 9.047135
53.600000 9.146749
53.700000 9.117640
53.800000 9.118893
53.900000 9.062687
54.000000 9.112327
54.100000 9.071273
54.200000 9.037058
54.300000 9.128636
54.400000 9.040515
54.500000 9.082734
54.600000 9.235778
54.700000 9.046686
54.800000 9.118770
54.900000 9.079750
55.000000 9.139952
55.100000 9.072586
55.200000 9.189587
55.300000 9.132383
55.400000 9.093921
55.500000 9.066925
55.600000 9.138549
55.700000 9.127140
55.800000 9.071865
55.900000 9.037773
56.000000 9.080157
56.100000 9.049994
56.200000 9.093874
56.300000 9.139344
56.400000 9.054827
56.500000 9.096033
56.600000 9.201902
56.700000 9.108136
56.800000 9.160802
56.900000 9.056762
57.000000 9.078748
57.100000 9.102752
57.200000 9.115198
57.300000 9.046802
57.400000 9.197880
57.500000 9.090776
57.600000 9.047834
57.700000 9.064596
57.800000 9.142274
57.900000 9.047900
58.000000 9.080889
58.100000 9.051939
58.200000 9.142610
58.300000 9.084254
58.400000 9.104581
58.500000 9.157446
58.600000 9.114505
58.700000 9.124854
58.800000 9.125548
58.900000 9.015004
59.000000 9.142395
59.100000 9.118535
59.200000 9.066903
59.300000 9.066255
59.400000 9.071342
59.500000 9.080420
59.600000 9.066207
59.700000 9.076829
59.800000 9.027716
59.900000 9.097974
60.000000 9.098069
60.100000 8.988224
60.200000 9.142524
60.300000 9.104302
60.400000 9.091003
60.500000 9.082859
60.600000 9.139019
60.700000 9.101403
60.800000 9.046536
60.900000 9.091503
61.000000 9.010638
61.100000 9.116834
61.200000 9.161516
61.300000 9.095346
61.400000 9.150337
61.500000 9.165757
61.600000 9.165092
61.700000 9.058381
61.800000 9.080794
61.900000 9.077524
62.000000 9.045577
62.100000 9.057732
62.200000 9.027765
62.300000 9.097582
62.400000 9.072316
62.500000 9.048995
62.600000 9.110720
62.700000 9.083665
62.800000 9.112622
62.900000 9.062828
63.000000 9.038237
63.100000 9.081476
63.200000 9.089887
63.300000 9.129302
63.400000 9.093791
63.500000 9.033829
63.600000 9.006428
63.700000 9.082983
63.800000 9.040091
63.900000 9.075550
64.000000 9.015429
64.100000 9.057782
64.200000 9.123204
64.300000 9.141270
64.400000 9.049748
64.500000 9.064720
64.600000 9.050137
64.700000 9.171108
64.800000 9.048083
64.900000 9.092820
65.000000 9.007013
65.100000 9.108115
65.200000 9.031098
65.300000 9.082053
65.400000 9.092312
65.500000 9.037793
65.600000 9.054081
65.700000 9.059876
65.800000 9.031961
65.900000 9.027138
66.000000 9.025784
66.100000 9.098548
66.200000 9.066289
66.300000 9.003073
66.400000 9.045739
66.500000 9.020141
66.600000 9.086674
66.700000 9.000097
66.800000 9.001622
66.900000 9.029022
67.000000 9.079922
67.100000 9.073349
67.200000 9.020802
67.300000 9.128194
67.400000 9.030623
67.500000 9.085587
67.600000 9.021757
67.700000 9.103331
67.800000 9.002209
67.900000 9.103172
68.000000 9.066420
68.100000 9.052508
68.200000 9.086281
68.300000 9.064446
68.400000 9.058262
68.500000 9.082157
68.600000 9.033154
68.700000 9.059207
68.800000 8.999869
68.900000 9.037409
69.000000 8.974485
69.100000 9.066927
69.200000 9.023247
69.300000 9.016627
69.400000 9.066155
69.500000 9.083601
69.600000 9.026177
69.700000 9.038920
69.800000 9.005210
69.900000 9.076496
70.000000 9.028180
70.100000 9.007170
70.200000 9.002471
70.300000 9.078041
70.400000 9.003779
70.500000 9.124019
70.600000 9.070457
70.700000 9.062482
70.800000 9.063886
70.900000 9.061181
71.000000 9.071994
71.100000 9.015679
71.200000 9.071750
71.300000 9.028325
71.400000 9.030839
71.500000 9.053430
71.600000 9.079705
71.700000 9.024424
71.800000 9.057326
71.900000 8.982452
72.000000 9.093510
72.100000 9.060728
72.200000 9.036682
72.300000 9.064927
72.400000 9.049880
72.500000 9.020575
72.600000 9.038413
72.700000 9.028168
72.800000 9.049681
72.900000 8.988757
73.000000 9.086978
73.100000 8.982758
73.200000 9.022313
73.300000 9.021318
73.400000 9.009579
73.500000 9.046463
73.600000 9.087930
73.700000 9.009268
73.800000 9.071137
73.900000 9.024422
74.000000 8.993704
74.100000 9.010341
74.200000 9.053176
74.300000 9.096308
74.400000 9.018509
74.500000 9.033043
74.600000 9.020178
74.700000 9.007959
74.800000 8.998759
74.900000 9.013665
75.000000 9.063354
75.100000 9.093943
75.200000 9.044828
75.300000 9.049809
75.400000 9.018431
75.500000 9.025531
75.600000 9.135159
75.700000 9.010944
75.800000 9.031835
75.900000 9.053100
76.000000 8.964169
76.100000 8.940716
76.200000 9.061245
76.300000 8.994545
76.400000 9.020673
76.500000 9.011570
76.600000 9.024951
76.700000 8.996090
76.800000 8.984542
76.900000 8.998912
77.000000 9.037714
77.100000 9.022479
77.200000 8.993402
77.300000 9.080442
77.400000 8.925235
77.500000 8.995533
77.600000 9.026340
77.700000 9.027172
77.800000 8.986243
77.900000 9.049594
78.000000 9.057906
78.100000 9.062946
78.200000 9.033144
78.300000 9.029448
78.400000 8.983133
78.500000 8.950022
78.600000 8.947036
78.700000 9.059518
78.800000 8.978228
78.900000 9.078292
79.000000 9.065562
79.100000 8.987595
79.200000 9.104187
79.300000 9.001614
79.400000 9.033380
79.500000 8.974647
79.600000 8.992734
79.700000 9.082987
79.800000 9.001838
79.900000 9.006094
80.000000 8.992054
80.100000 9.025366
80.200000 9.004901
80.300000 9.031032
80.400000 9.031188
80.500000 8.978863
80.600000 9.002991
80.700000 9.067234
80.800000 9.085317
80.900000 8.916257
81.000000 9.046351
81.100000 8.996838
81.200000 9.031964
81.300000 8.991228
81.400000 8.982680
81.500000 9.060495
81.600000 8.924999
81.700000 8.920735
81.800000 9.007178
81.900000 9.050869
82.000000 8.952661
82.100000 8.998735
82.200000 9.012166
82.300000 9.000271
82.400000 8.938313
82.500000 8.969541
82.600000 8.962658
82.700000 9.061181
82.800000 8.952778
82.900000 9.072395
83.000000 8.992049
83.100000 8.994386
83.200000 8.981501
83.300000 8.932672
83.400000 9.009637
83.500000 8.998773
83.600000 9.054117
83.700000 9.060571
83.800000 8.991415
83.900000 9.020761
84.000000 8.996803
84.100000 9.029685
84.200000 9.015988
84.300000 8.984816
84.400000 8.971825
84.500000 8.980695
84.600000 8.922698
84.700000 9.024574
84.800000 8.996615
84.900000 9.014607
85.000000 8.946295
85.100000 9.084769
85.200000 8.935182
85.300000 8.985881
85.400000 9.023259
85.500000 8.955679
85.600000 8.945359
85.700000 8.956209
85.800000 9.007375
85.900000 9.026849
86.000000 8.944187
86.100000 9.006599
86.200000 8.988912
86.300000 9.010083
86.400000 8.965672
86.500000 8.972819
86.600000 8.963767
86.700000 8.952882
86.800000 8.915719
86.900000 9.028928
87.000000 8.940475
87.100000 9.042321
87.200000 8.958122
87.300000 8.950963
87.400000 8.991316
87.500000 8.943127
87.600000 9.033892
87.700000 8.949561
87.800000 9.022482
87.900000 9.011409
88.000000 9.022564
88.100000 8.909862
88.200000 9.007346
88.300000 8.967285
88.400000 8.989272
88.500000 8.943856
88.600000 8.946193
88.700000 9.016554
88.800000 8.968549
88.900000 8.914659
89.000000 8.966264
89.100000 8.970409
89.200000 8.944015
89.300000 9.058051
89.400000 8.905642
89.500000 9.048305
89.600000 8.995691
89.700000 9.028706
89.800000 9.021561
89.900000 8.952894
90.000000 9.016712
90.100000 9.002218
90.200000 9.007613
90.300000 8.995510
90.400000 8.953565
90.500000 8.909542
90.600000 8.967558
90.700000 8.890575
90.800000 8.978157
90.900000 8.987941
91.000000 8.982306
91.100000 8.988155
91.200000 8.995598
91.300000 8.991939
91.400000 8.981501
91.500000 8.978603
91.600000 8.990172
91.700000 9.013607
91.800000 8.997175
91.900000 8.991512
92.000000 8.999935
92.100000 9.029782
92.200000 8.876035
92.300000 9.005099
92.400000 9.012265
92.500000 8.912108
92.600000 8.900021
92.700000 8.972091
92.800000 9.019411
92.900000 8.966524
93.000000 9.004261
93.100000 8.986544
93.200000 8.962130
93.300000 9.014672
93.400000 8.931696
93.500000 8.924157
93.600000 8.984907
93.700000 8.941298
93.800000 9.045394
93.900000 8.959784
94.000000 8.946107
94.100000 8.946645
94.200000 8.984504
94.300000 8.941724
94.400000 8.997845
94.500000 8.954561
94.600000 8.967714
94.700000 9.031731
94.800000 8.919348
94.900000 8.983823
95.000000 8.975675
95.100000 8.998183
95.200000 8.959934
95.300000 8.952047
95.400000 8.938573
95.500000 8.884615
95.600000 8.992421
95.700000 9.005356
95.800000 8.883554
95.900000 8.997130
96.000000 9.022543
96.100000 9.002560
96.200000 9.066792
96.300000 8.935433
96.400000 8.973526
96.500000 9.068841
96.600000 9.001477
96.700000 8.919955
96.800000 9.025885
96.900000 8.965906
97.000000 8.980518
97.100000 8.933764
97.200000 8.905526
97.300000 8.917688
97.400000 8.984343
97.500000 8.987854
97.600000 8.909059
97.700000 8.977232
97.800000 8.915313
97.900000 8.931625
98.000000 8.943192
98.100000 8.995359
98.200000 8.873761
98.300000 8.974561
98.400000 8.953097
98.500000 8.932699
98.600000 9.029778
98.700000 8.997058
98.800000 8.980747
98.900000 8.986063
99.000000 8.928824
99.100000 8.955330
99.200000 8.981190
99.300000 8.976488
99.400000 8.924446
99.500000 8.987632
99.600000 9.000811
99.700000 8.952454
99.800000 8.913470
99.900000 8.987263
100.000000 8.976586
